# phosmdl reference
model=phos_pitch_ssm.phosmdl
arch=ssm
tokenVersion=1
vocab=37
relMin=-12
quant=int8
cases=12

case 0
role=0
style=0
bars=0
len=1
tok=12
step=0
bar=0
gap=0
idx=0
logits=1.82364273 -2.92257929 -5.64149952 -1.78035855 -3.24063158 -0.670713663 -4.96151018 -1.07910478 -0.369856238 -4.31423521 0.171028748 -2.38869023 4.13950777 -0.591028273 -0.738280118 0.108733147 -1.14736342 -0.400456518 -2.238832 1.06603742 -0.961599171 -1.46346903 -0.744780779 -3.69038486 2.30028343 -1.24454677 -0.0268418193 -0.754743695 -2.11343431 -1.83512032 -3.4325242 -0.401507527 -1.36352074 -3.5482614 -2.16287613 -3.33367991 -0.704415679
probs=0.0666417852 0.000578746782 3.81659702e-05 0.00181362976 0.000421075762 0.00550124887 7.53341956e-05 0.00365678431 0.00743228011 0.000143913014 0.0127651384 0.00098708272 0.675326884 0.00595755922 0.00514182914 0.0119941887 0.0034155068 0.00720829703 0.00114666438 0.031240847 0.00411274098 0.00248984387 0.00510851154 0.000268556003 0.107336901 0.0030991945 0.0104734916 0.00505787041 0.00129985774 0.00171698327 0.000347554043 0.00720072491 0.00275156111 0.000309569674 0.00123715319 0.000383662991 0.00531893643
case 1
role=1
style=1
bars=1
len=2
tok=12 2
step=0 2
bar=0 0
gap=1 2
idx=0 1
logits=-0.305852175 -1.02263999 -0.480914801 0.183541447 -0.40437457 -0.436990738 -0.622214317 1.54895282 0.116712935 0.376845777 0.596845388 0.251437306 1.43485487 0.308103889 1.4562217 0.451624691 -0.473292053 0.439444393 0.219212994 0.191964388 0.449587345 0.66708523 -0.232055813 0.123701811 -0.939491153 -1.04881966 -0.904138982 -0.887978554 -2.06352878 -2.04625249 -1.00032258 -1.48415864 -0.28662917 0.216495037 -0.218877345 -0.365615755 -0.187171355
probs=0.0169792436 0.00829127524 0.0142524522 0.0276986938 0.0153861716 0.014892431 0.0123743964 0.10850504 0.0259081293 0.0336054973 0.0418750122 0.0296446308 0.0968049988 0.0313730016 0.0988956764 0.036214821 0.0143615101 0.0357763954 0.0287045855 0.027932981 0.0361411162 0.044922065 0.0182796437 0.0260898303 0.00901015941 0.00807702821 0.00933438353 0.00948645733 0.00292798667 0.00297901081 0.00847839564 0.00522620277 0.0173087921 0.0286266729 0.0185221359 0.0159942321 0.0191188063
case 2
role=2
style=2
bars=2
len=4
tok=12 19 8 5
step=0 3 6 9
bar=0 0 0 0
gap=2 3 4 5
idx=0 1 2 3
logits=0.243059486 -2.10313439 -4.31013823 -1.34645259 -2.48647499 -0.631893277 -3.43475723 -0.788620055 -0.402369738 -2.41597843 -0.146039173 -2.02923417 2.74526739 -1.06176567 -0.140164301 1.84546542 -0.343235523 0.232683763 -1.18822205 0.0978477672 -0.991937101 -0.357669055 0.0412857421 -2.43144131 1.96346796 -0.267482609 -0.75083369 -0.808758378 -1.41946626 -2.07556963 -1.95387304 -1.16876292 -1.70865166 -2.70722055 -1.62489045 -2.28737855 -0.172864199
probs=0.0288272314 0.00275971252 0.00030365077 0.00588148041 0.00188096729 0.012017549 0.000728697865 0.0102742538 0.0151180802 0.00201835483 0.0195352789 0.00297138095 0.351963878 0.00781852193 0.0196503829 0.143126175 0.0160390399 0.0285296794 0.00688978098 0.0249309223 0.0083839912 0.0158091988 0.0235599186 0.00198738533 0.161052287 0.0173012484 0.0106699076 0.0100694178 0.00546735339 0.00283684232 0.0032039613 0.00702516176 0.00409435667 0.00150838681 0.00445207767 0.00229534321 0.0190182086
case 3
role=0
style=3
bars=3
len=7
tok=12 17 25 12 31 22 31
step=0 4 8 12 0 4 8
bar=0 0 0 0 1 1 1
gap=3 4 5 6 7 8 9
idx=0 1 2 3 4 4 5
logits=-0.50557971 -1.44079804 -1.91971982 -0.202508271 -1.75485849 -0.615453064 -1.76852953 1.96742213 0.671560526 -1.51251626 0.976122618 -1.13844907 1.9585191 0.108215444 0.0792411119 0.329183012 -0.0822124183 -0.857858956 -0.453314662 -0.335899681 0.711746275 0.533571839 -1.5631206 -0.464927047 -0.083683446 -1.25738037 0.646999776 0.00943852402 -1.47063148 -0.74758327 -1.74731123 -0.588725924 -0.180743635 -0.997695923 -0.409941882 -1.27446568 0.729795814
probs=0.014118907 0.0055416734 0.00343279517 0.0191171598 0.00404805411 0.0126498006 0.00399308885 0.167421877 0.0458169989 0.0051581515 0.062129274 0.0074980692 0.16593793 0.0260836892 0.0253387745 0.0325337388 0.0215609185 0.00992677454 0.0148764569 0.0167298578 0.0476956889 0.0399115831 0.00490362151 0.0147047071 0.0215292256 0.00665730191 0.0447054058 0.0236303788 0.0053787888 0.0110840965 0.0040787207 0.0129924556 0.0195378028 0.00863133278 0.0155358901 0.0065445262 0.0485643856
case 4
role=1
style=4
bars=4
len=12
tok=12 36 25 27 36 27 12 12 8 20 13 27
step=0 1 2 3 4 5 6 8 9 10 11 12
bar=0 0 0 0 0 0 0 0 0 0 0 0
gap=4 5 6 7 8 9 0 1 2 3 4 5
idx=0 1 2 3 4 4 5 5 5 5 6 6
logits=-1.41961884 -2.79078317 -3.70363617 -1.96615565 -3.19051409 -2.20541167 -3.25731897 -0.188373595 0.0644536391 -2.39272046 0.0540884063 -1.4969877 2.42114782 -0.917782068 0.148346394 2.12029791 -1.92744231 -0.471789122 -0.911868691 1.34125614 0.221490264 -0.571296215 1.16456771 -1.35128307 1.45019507 -0.037464451 0.888926029 0.831367195 -1.5888164 -1.24686491 -2.57493281 -1.49923337 -0.774295926 -2.6442821 -1.39960074 -1.72348225 -0.715333045
probs=0.00508641079 0.00129098806 0.00051817362 0.0029447847 0.000865608279 0.00231817435 0.000809670717 0.0174234621 0.0224355068 0.00192220055 0.0222041588 0.0047077192 0.236829177 0.00840149168 0.0243988931 0.175298318 0.00306102308 0.0131234704 0.00845132023 0.0804348364 0.0262504127 0.0118804602 0.06740769 0.00544614624 0.0896924287 0.0202615876 0.0511681475 0.0483061373 0.00429467112 0.00604557432 0.00160200952 0.00469715986 0.00969776604 0.00149467587 0.00518925767 0.00375357666 0.010286768
case 5
role=2
style=5
bars=5
len=16
tok=12 22 20 20 25 19 7 24 2 8 24 36 14 25 24 10
step=0 2 4 6 8 10 12 15 1 3 5 7 9 11 14 0
bar=0 0 0 0 0 0 0 0 1 1 1 1 1 1 1 2
gap=5 6 7 8 9 0 1 2 3 4 5 6 7 8 9 0
idx=0 1 2 3 4 4 5 5 5 5 6 6 6 6 6 6
logits=1.10227263 -2.22673869 -3.6303134 -1.28930759 -1.81659889 -1.00383234 -3.54398036 -0.519974291 -0.985692978 -3.41027093 0.573996067 -1.99567711 2.3660686 -0.501310587 -0.0683956519 -0.8465693 -0.00515253888 -0.196423143 -1.80707479 0.371503949 0.0705699995 -1.2089932 -0.04780389 -2.25391412 2.12660933 0.371311694 -0.737779737 -0.909662545 -1.09558678 -0.170388654 -2.6198833 -0.443122387 -1.35743988 -2.83177185 -1.58651769 -2.29148531 -0.0349630825
probs=0.0760887265 0.00272614579 0.000669860514 0.00696097687 0.0041083782 0.00926084444 0.000730261323 0.015024065 0.00943036191 0.000834732899 0.0448634513 0.00343477097 0.269265026 0.0153071014 0.0235996507 0.0108379973 0.0251403712 0.0207636636 0.00414769445 0.036639668 0.0271179937 0.00754310749 0.0240906458 0.00265305908 0.211925894 0.0366326235 0.0120835807 0.0101753185 0.00844893791 0.0213113278 0.00183996069 0.0162242185 0.00650250725 0.00148862868 0.00517122634 0.0025552304 0.0244019795
case 6
role=0
style=0
bars=6
len=33
tok=12 0 3 2 17 0 15 24 13 20 36 2 22 27 31 14 5 36 5 2 31 36 10 13 31 24 7 0 27 5 3 15 12
step=0 3 6 9 12 15 2 6 9 12 15 2 5 8 12 15 2 5 8 11 14 2 5 8 11 14 1 4 8 11 14 1 4
bar=0 0 0 0 0 0 1 1 1 1 1 2 2 2 2 2 3 3 3 3 3 4 4 4 4 4 5 5 5 5 5 6 6
gap=6 7 8 9 0 1 2 3 4 5 6 7 8 9 0 1 2 3 4 5 6 7 8 9 0 1 2 3 4 5 6 7 8
idx=0 1 2 3 4 4 5 5 5 5 6 6 6 6 6 6 7 7 7 7 7 7 7 7 7 7 7 7 7 7 7 7 7
logits=4.27338934 -0.776076496 -3.42631006 0.688665986 -1.63692474 0.658838332 -2.64257765 0.161145955 0.454423785 -2.35130119 1.0032388 -1.39225924 0.646800995 1.6184566 -0.500948489 0.360141605 0.529460073 0.335791558 -1.21772969 1.22581565 0.258524686 -0.336607516 -1.42337418 -0.442347646 0.267847151 -1.58408463 -0.373422205 -1.23245215 -2.20664239 -2.79261565 -3.42348623 -2.15227938 -1.87192929 -3.01766801 -3.400172 -2.47669125 -2.46859503
probs=0.688907027 0.00441779522 0.000312049611 0.0191132706 0.00186785788 0.0185515843 0.000683273072 0.011278104 0.015121852 0.000914311269 0.0261789486 0.00238561723 0.0183296148 0.0484326221 0.00581690716 0.0137612754 0.016300194 0.0134302359 0.00284052081 0.032705158 0.0124316039 0.00685589947 0.00231253146 0.00616796827 0.0125480341 0.00196920987 0.00660809129 0.00279900781 0.0010566191 0.000588076422 0.00031293201 0.00111565052 0.00147666747 0.000469563733 0.000320313615 0.000806562195 0.000813118822
case 7
role=1
style=1
bars=7
len=64
tok=12 5 8 24 8 0 2 17 19 19 17 27 22 20 10 22 19 7 22 24 20 8 13 5 8 36 0 5 27 24 10 13 10 15 36 8 5 5 19 31 7 13 22 2 25 14 19 24 25 22 3 19 13 24 0 25 3 8 2 17 27 22 7 12
step=0 4 8 12 0 4 8 13 1 5 9 13 1 5 10 14 2 6 10 14 2 7 11 15 3 7 11 15 4 8 12 0 4 8 12 1 5 9 13 1 5 9 14 2 6 10 14 2 6 11 15 3 7 11 15 3 8 12 0 4 8 12 0 5
bar=0 0 0 0 1 1 1 1 2 2 2 2 3 3 3 3 4 4 4 4 5 5 5 5 6 6 6 6 7 7 7 0 0 0 0 1 1 1 1 2 2 2 2 3 3 3 3 4 4 4 4 5 5 5 5 6 6 6 7 7 7 7 0 0
gap=7 8 9 0 1 2 3 4 5 6 7 8 9 0 1 2 3 4 5 6 7 8 9 0 1 2 3 4 5 6 7 8 9 0 1 2 3 4 5 6 7 8 9 0 1 2 3 4 5 6 7 8 9 0 1 2 3 4 5 6 7 8 9 0
idx=0 1 2 3 4 4 5 5 5 5 6 6 6 6 6 6 7 7 7 7 7 7 7 7 7 7 7 7 7 7 7 7 7 7 7 7 7 7 7 7 7 7 7 7 7 7 7 7 7 7 7 7 7 7 7 7 7 7 7 7 7 7 7 7
logits=0.0484281927 -3.97735715 -5.4265914 -2.64763117 -4.56394577 -2.40111732 -4.71231651 1.15796089 -0.252514869 -3.87590098 -0.928303838 -1.55695438 3.00072742 -1.33779597 -0.277735412 1.31913435 -2.1786685 2.00195742 -1.90831482 3.53100896 1.56612659 -1.92560983 2.44206548 -1.4690845 0.990894139 -0.544107497 -0.40088734 0.014284784 -2.8871851 -1.86498296 -4.02566481 -1.8999958 -2.164639 -4.15337753 -3.33107877 -3.53389454 -2.74162316
probs=0.0110741416 0.000197666785 4.64022633e-05 0.000747181766 0.000109946552 0.000956061995 9.47861772e-05 0.0335872136 0.00819619093 0.00021877393 0.00416985201 0.00222382857 0.212069064 0.00276872981 0.00799206458 0.0394612439 0.00119424693 0.0781118646 0.00156497466 0.360392421 0.0505170636 0.00153814128 0.121297963 0.00242807809 0.0284195915 0.00612315116 0.00706601981 0.0107024144 0.00058801641 0.00163427903 0.000188344886 0.00157804857 0.00121111982 0.000165763588 0.000377232267 0.000307983282 0.000680152269
case 8
role=2
style=2
bars=0
len=100
tok=12 12 24 0 7 12 5 5 7 5 25 7 20 2 15 3 14 17 7 14 0 5 5 36 22 19 24 36 13 0 24 12 10 20 12 36 10 0 22 31 17 20 7 3 17 7 20 24 5 13 12 19 3 3 15 24 19 36 27 19 2 0 10 36 5 20 5 25 36 27 22 15 25 8 20 17 31 14 0 36 25 7 5 13 25 24 10 13 17 17 3 20 3 0 5 22 8 10 14 15
step=0 0 0 0 0 0 0 0 1 1 1 1 1 1 1 1 2 2 2 2 2 2 2 3 3 3 3 3 3 3 4 4 4 4 4 4 4 5 5 5 5 5 5 5 6 6 6 6 6 6 6 8 8 8 8 8 8 8 9 9 9 9 9 9 9 10 10 10 10 10 10 10 11 11 11 11 11 11 11 12 12 12 12 12 12 12 13 13 13 13 13 13 13 14 14 14 14 14 14 14
bar=0 0 0 0 0 0 0 0 0 0 0 0 0 0 0 0 0 0 0 0 0 0 0 0 0 0 0 0 0 0 0 0 0 0 0 0 0 0 0 0 0 0 0 0 0 0 0 0 0 0 0 0 0 0 0 0 0 0 0 0 0 0 0 0 0 0 0 0 0 0 0 0 0 0 0 0 0 0 0 0 0 0 0 0 0 0 0 0 0 0 0 0 0 0 0 0 0 0 0 0
gap=8 9 0 1 2 3 4 5 6 7 8 9 0 1 2 3 4 5 6 7 8 9 0 1 2 3 4 5 6 7 8 9 0 1 2 3 4 5 6 7 8 9 0 1 2 3 4 5 6 7 8 9 0 1 2 3 4 5 6 7 8 9 0 1 2 3 4 5 6 7 8 9 0 1 2 3 4 5 6 7 8 9 0 1 2 3 4 5 6 7 8 9 0 1 2 3 4 5 6 7
idx=0 1 2 3 4 4 5 5 5 5 6 6 6 6 6 6 7 7 7 7 7 7 7 7 7 7 7 7 7 7 7 7 7 7 7 7 7 7 7 7 7 7 7 7 7 7 7 7 7 7 7 7 7 7 7 7 7 7 7 7 7 7 7 7 7 7 7 7 7 7 7 7 7 7 7 7 7 7 7 7 7 7 7 7 7 7 7 7 7 7 7 7 7 7 7 7 7 7 7 7
logits=0.506675065 -2.29098272 -3.16133642 -1.01103973 -2.28594279 -0.420475841 -2.03525138 0.228930205 -0.0702180266 -1.73747289 0.741047859 -0.454422325 0.424100608 -0.388347328 1.36847615 1.25461459 -1.40087259 1.07980204 -0.0306788702 1.09013355 -0.533445895 0.392789811 0.863053441 -2.16977262 2.33921719 -0.591443777 -1.36637568 -0.610008895 -1.52134538 -1.41443408 -1.8310982 -1.34304857 -2.00922942 -2.37659812 -1.99550951 -1.99346817 -1.05578804
probs=0.0386541337 0.00235607242 0.000986731146 0.00847346149 0.00236797635 0.0152946441 0.00304264459 0.0292801261 0.021709729 0.00409802748 0.0488632992 0.0147841629 0.035590522 0.0157940201 0.0915106013 0.0816623718 0.00573797245 0.0685648993 0.02258531 0.0692769513 0.0136608342 0.0344934203 0.0552038215 0.00265968079 0.241578847 0.0128910709 0.00593936956 0.0126539543 0.00508672092 0.00566068385 0.00373176229 0.00607954664 0.0031228594 0.00216274965 0.00316600036 0.00317246979 0.00810264703
case 9
role=0
style=3
bars=1
len=150
tok=12 20 24 17 0 24 5 3 3 25 36 36 36 15 24 27 17 2 19 12 0 36 24 12 3 24 22 22 13 22 0 14 10 2 14 15 24 0 22 8 15 7 27 3 25 7 27 14 12 24 5 15 0 3 25 12 0 14 12 20 10 8 7 17 36 36 25 22 19 25 27 24 0 19 10 3 5 25 2 20 20 12 27 27 31 17 2 19 8 8 13 22 14 36 12 3 31 12 5 12 36 19 12 15 13 14 22 3 13 12 8 12 20 17 12 15 3 27 13 0 22 22 5 10 5 5 24 12 36 8 24 8 24 17 17 14 19 25 10 3 27 31 25 2 20 2 24 17 17 25
step=0 2 4 6 8 10 12 15 1 3 5 7 9 11 14 0 2 4 6 8 10 13 15 1 3 5 7 9 12 14 0 2 4 6 8 11 13 15 1 3 5 7 10 12 14 0 2 4 6 9 11 13 15 1 3 5 8 10 12 14 0 2 4 7 9 11 13 15 1 3 6 8 10 12 14 0 2 5 7 9 11 13 15 1 4 6 8 10 12 14 0 3 5 7 9 11 13 15 2 4 6 8 10 12 14 1 3 5 7 9 11 13 0 2 4 6 8 10 12 15 1 3 5 7 9 11 14 0 2 4 6 8 10 13 15 1 3 5 7 9 12 14 0 2 4 6 8 11 13 15
bar=0 0 0 0 0 0 0 0 1 1 1 1 1 1 1 0 0 0 0 0 0 0 0 1 1 1 1 1 1 1 0 0 0 0 0 0 0 0 1 1 1 1 1 1 1 0 0 0 0 0 0 0 0 1 1 1 1 1 1 1 0 0 0 0 0 0 0 0 1 1 1 1 1 1 1 0 0 0 0 0 0 0 0 1 1 1 1 1 1 1 0 0 0 0 0 0 0 0 1 1 1 1 1 1 1 0 0 0 0 0 0 0 1 1 1 1 1 1 1 1 0 0 0 0 0 0 0 1 1 1 1 1 1 1 1 0 0 0 0 0 0 0 1 1 1 1 1 1 1 1
gap=9 0 1 2 3 4 5 6 7 8 9 0 1 2 3 4 5 6 7 8 9 0 1 2 3 4 5 6 7 8 9 0 1 2 3 4 5 6 7 8 9 0 1 2 3 4 5 6 7 8 9 0 1 2 3 4 5 6 7 8 9 0 1 2 3 4 5 6 7 8 9 0 1 2 3 4 5 6 7 8 9 0 1 2 3 4 5 6 7 8 9 0 1 2 3 4 5 6 7 8 9 0 1 2 3 4 5 6 7 8 9 0 1 2 3 4 5 6 7 8 9 0 1 2 3 4 5 6 7 8 9 0 1 2 3 4 5 6 7 8 9 0 1 2 3 4 5 6 7 8
idx=0 1 2 3 4 4 5 5 5 5 6 6 6 6 6 6 7 7 7 7 7 7 7 7 7 7 7 7 7 7 7 7 7 7 7 7 7 7 7 7 7 7 7 7 7 7 7 7 7 7 7 7 7 7 7 7 7 7 7 7 7 7 7 7 7 7 7 7 7 7 7 7 7 7 7 7 7 7 7 7 7 7 7 7 7 7 7 7 7 7 7 7 7 7 7 7 7 7 7 7 7 7 7 7 7 7 7 7 7 7 7 7 7 7 7 7 7 7 7 7 7 7 7 7 7 7 7 7 7 7 7 7 7 7 7 7 7 7 7 7 7 7 7 7 7 7 7 7 7 7
logits=0.0594068319 -0.951192677 -2.38611484 0.824929297 -1.64569104 -0.522394478 -2.36641622 0.10168118 -0.401353717 -2.17318511 0.332033217 -1.94417334 -0.154364601 -0.0693225637 -2.11303568 -0.42773059 -1.48893929 -0.909498632 -0.761605203 1.43097317 0.981460929 1.21026063 0.715290368 -0.184483469 2.64082551 -0.470294535 0.230196163 -0.0704210401 0.0410852097 -0.309215903 -1.81715238 -0.00968903117 -1.11598265 -1.82665014 -1.47896135 -1.15315783 0.324873269
probs=0.0225533359 0.00820943154 0.00195494387 0.0484923273 0.00409917254 0.0126048541 0.00199383544 0.0235272069 0.0142267309 0.00241884729 0.029621765 0.00304135378 0.0182125624 0.0198291633 0.00256880396 0.0138563793 0.0047948258 0.00855895039 0.00992315635 0.0888944343 0.0567092448 0.0712886304 0.0434567705 0.0176721998 0.298062086 0.0132789714 0.0267536901 0.0198073965 0.0221438874 0.0155998366 0.00345327845 0.0210476145 0.00696218526 0.00342063373 0.00484290672 0.0067081172 0.0294104367
case 10
role=1
style=4
bars=2
len=200
tok=12 22 10 8 14 3 15 22 31 0 10 24 19 17 15 0 8 17 15 25 5 5 5 25 10 20 10 19 31 14 25 17 31 17 31 10 20 3 10 24 7 27 17 2 36 27 20 5 15 24 19 36 8 20 14 25 5 8 20 0 22 27 2 2 15 19 24 10 10 15 7 13 19 13 12 24 3 15 19 13 5 7 3 19 27 8 13 17 24 7 13 19 5 17 8 3 14 27 13 13 10 12 31 13 12 36 0 31 14 2 13 0 2 15 0 22 5 20 27 19 7 14 13 7 24 7 3 27 2 3 20 12 22 14 19 5 14 25 2 27 17 13 0 14 2 19 22 14 19 15 31 12 25 31 8 31 14 0 22 14 25 19 15 7 24 17 22 36 10 17 5 24 7 7 5 14 8 14 20 12 5 14 17 2 27 5 22 25 19 25 17 22 12 17 36 7 8 17 25 17
step=0 0 0 0 0 1 1 1 1 2 2 2 2 2 3 3 3 3 4 4 4 4 5 5 5 5 6 6 6 6 6 7 7 7 8 8 8 8 8 9 9 9 9 10 10 10 10 11 11 11 11 12 12 12 12 12 13 13 13 14 14 14 14 14 15 15 15 15 0 0 0 0 1 1 1 2 2 2 2 2 2 3 3 3 4 4 4 4 5 5 5 5 6 6 6 6 6 7 7 7 8 8 8 8 8 9 9 9 9 10 10 10 10 11 11 11 11 12 12 12 12 12 13 13 13 14 14 14 14 14 15 15 15 15 0 0 0 0 1 1 1 1 2 2 2 2 2 3 3 3 4 4 4 4 4 5 5 5 5 6 6 6 6 7 7 7 8 8 8 8 8 8 9 9 9 10 10 10 10 11 11 11 11 12 12 12 12 12 13 13 13 14 14 14 14 14 15 15 15 15
bar=0 0 0 0 0 0 0 0 0 0 0 0 0 0 0 0 0 0 0 0 0 0 0 0 0 0 0 0 0 0 0 0 0 0 0 0 0 0 0 0 0 0 0 0 0 0 0 0 0 0 0 0 0 0 0 0 0 0 0 0 0 0 0 0 0 0 0 0 1 1 1 1 1 1 1 1 1 1 1 1 1 1 1 1 1 1 1 1 1 1 1 1 1 1 1 1 1 1 1 1 1 1 1 1 1 1 1 1 1 1 1 1 1 1 1 1 1 1 1 1 1 1 1 1 1 1 1 1 1 1 1 1 1 1 2 2 2 2 2 2 2 2 2 2 2 2 2 2 2 2 2 2 2 2 2 2 2 2 2 2 2 2 2 2 2 2 2 2 2 2 2 2 2 2 2 2 2 2 2 2 2 2 2 2 2 2 2 2 2 2 2 2 2 2 2 2 2 2 2 2
gap=0 1 2 3 4 5 6 7 8 9 0 1 2 3 4 5 6 7 8 9 0 1 2 3 4 5 6 7 8 9 0 1 2 3 4 5 6 7 8 9 0 1 2 3 4 5 6 7 8 9 0 1 2 3 4 5 6 7 8 9 0 1 2 3 4 5 6 7 8 9 0 1 2 3 4 5 6 7 8 9 0 1 2 3 4 5 6 7 8 9 0 1 2 3 4 5 6 7 8 9 0 1 2 3 4 5 6 7 8 9 0 1 2 3 4 5 6 7 8 9 0 1 2 3 4 5 6 7 8 9 0 1 2 3 4 5 6 7 8 9 0 1 2 3 4 5 6 7 8 9 0 1 2 3 4 5 6 7 8 9 0 1 2 3 4 5 6 7 8 9 0 1 2 3 4 5 6 7 8 9 0 1 2 3 4 5 6 7 8 9 0 1 2 3 4 5 6 7 8 9
idx=0 1 2 3 4 4 5 5 5 5 6 6 6 6 6 6 7 7 7 7 7 7 7 7 7 7 7 7 7 7 7 7 7 7 7 7 7 7 7 7 7 7 7 7 7 7 7 7 7 7 7 7 7 7 7 7 7 7 7 7 7 7 7 7 7 7 7 7 7 7 7 7 7 7 7 7 7 7 7 7 7 7 7 7 7 7 7 7 7 7 7 7 7 7 7 7 7 7 7 7 7 7 7 7 7 7 7 7 7 7 7 7 7 7 7 7 7 7 7 7 7 7 7 7 7 7 7 7 7 7 7 7 7 7 7 7 7 7 7 7 7 7 7 7 7 7 7 7 7 7 7 7 7 7 7 7 7 7 7 7 7 7 7 7 7 7 7 7 7 7 7 7 7 7 7 7 7 7 7 7 7 7 7 7 7 7 7 7 7 7 7 7 7 7 7 7 7 7 7 7
logits=0.195049331 -1.86890101 -2.83196688 -1.37341404 -2.61918879 -1.0776509 -2.20674801 0.890160978 0.0308869742 -1.68351758 0.101909861 -0.536477566 0.796033382 0.639478445 1.8276633 1.6522603 -0.304853648 1.38924503 0.258204579 2.92178988 0.00740901846 -0.818594098 0.676995575 -0.663021624 -0.12070509 -0.870740533 -0.980984271 -0.823308527 -2.28831363 -1.7092284 -2.34472632 -1.73561192 -1.1015178 -2.04233217 -1.95494688 -1.14946842 -1.34521675
probs=0.0218968205 0.00277983374 0.00106112054 0.00456253253 0.00131272303 0.00613273866 0.00198286725 0.0438797586 0.0185817331 0.00334602944 0.0199494585 0.0105361743 0.0399378911 0.0341502763 0.112051137 0.0940242186 0.0132823819 0.0722792521 0.0233243257 0.334648937 0.0181505568 0.00794623233 0.0354558304 0.00928379688 0.0159680042 0.00754248304 0.00675516855 0.00790885929 0.00182755408 0.00326109771 0.00172731094 0.00317618251 0.00598810008 0.00233721524 0.0025506427 0.00570774172 0.00469301455
case 11
role=2
style=5
bars=3
len=256
tok=12 27 0 14 3 36 22 25 15 10 5 12 31 31 14 12 27 13 36 36 10 12 27 31 14 0 17 36 5 31 2 31 22 2 13 20 17 10 2 2 22 19 7 3 27 8 15 7 36 14 14 20 31 27 3 17 15 19 12 15 7 0 19 27 22 25 36 5 31 15 12 36 36 36 13 12 24 24 15 17 36 10 27 25 12 17 0 25 25 14 24 22 24 31 24 25 15 7 15 24 20 7 0 5 36 31 24 24 0 2 14 31 14 8 12 8 0 3 27 25 22 10 22 19 8 10 7 24 12 15 7 8 19 31 15 14 20 36 17 0 17 20 27 5 19 25 12 22 27 10 13 31 25 8 13 19 31 36 0 8 31 27 2 27 31 0 17 25 15 25 2 10 27 12 10 27 8 3 0 0 19 24 2 7 7 24 24 22 12 2 5 25 24 31 17 20 13 12 5 8 17 3 13 7 7 17 15 14 12 25 0 14 31 13 10 24 31 22 19 25 22 36 36 5 3 17 15 3 17 3 10 5 25 13 36 2 36 31 24 36 31 2 12 10 3 10 15 24 27 14 27 22 36 24 12 14
step=0 4 8 12 0 4 8 13 1 5 9 13 1 5 10 14 2 6 10 14 2 7 11 15 3 7 11 15 4 8 12 0 4 8 12 1 5 9 13 1 5 9 14 2 6 10 14 2 6 11 15 3 7 11 15 3 8 12 0 4 8 12 0 5 9 13 1 5 9 13 2 6 10 14 2 6 10 15 3 7 11 15 3 7 12 0 4 8 12 0 4 9 13 1 5 9 13 1 6 10 14 2 6 10 14 3 7 11 15 3 7 11 0 4 8 12 0 4 8 13 1 5 9 13 1 5 10 14 2 6 10 14 2 7 11 15 3 7 11 15 4 8 12 0 4 8 12 1 5 9 13 1 5 9 14 2 6 10 14 2 6 11 15 3 7 11 15 3 8 12 0 4 8 12 0 5 9 13 1 5 9 13 2 6 10 14 2 6 10 15 3 7 11 15 3 7 12 0 4 8 12 0 4 9 13 1 5 9 13 1 6 10 14 2 6 10 14 3 7 11 15 3 7 11 0 4 8 12 0 4 8 13 1 5 9 13 1 5 10 14 2 6 10 14 2 7 11 15 3 7 11 15 4 8 12 0
bar=0 0 0 0 1 1 1 1 2 2 2 2 3 3 3 3 0 0 0 0 1 1 1 1 2 2 2 2 3 3 3 0 0 0 0 1 1 1 1 2 2 2 2 3 3 3 3 0 0 0 0 1 1 1 1 2 2 2 3 3 3 3 0 0 0 0 1 1 1 1 2 2 2 2 3 3 3 3 0 0 0 0 1 1 1 2 2 2 2 3 3 3 3 0 0 0 0 1 1 1 1 2 2 2 2 3 3 3 3 0 0 0 1 1 1 1 2 2 2 2 3 3 3 3 0 0 0 0 1 1 1 1 2 2 2 2 3 3 3 3 0 0 0 1 1 1 1 2 2 2 2 3 3 3 3 0 0 0 0 1 1 1 1 2 2 2 2 3 3 3 0 0 0 0 1 1 1 1 2 2 2 2 3 3 3 3 0 0 0 0 1 1 1 1 2 2 2 3 3 3 3 0 0 0 0 1 1 1 1 2 2 2 2 3 3 3 3 0 0 0 0 1 1 1 2 2 2 2 3 3 3 3 0 0 0 0 1 1 1 1 2 2 2 2 3 3 3 3 0 0 0 0 1 1 1 2
gap=1 2 3 4 5 6 7 8 9 0 1 2 3 4 5 6 7 8 9 0 1 2 3 4 5 6 7 8 9 0 1 2 3 4 5 6 7 8 9 0 1 2 3 4 5 6 7 8 9 0 1 2 3 4 5 6 7 8 9 0 1 2 3 4 5 6 7 8 9 0 1 2 3 4 5 6 7 8 9 0 1 2 3 4 5 6 7 8 9 0 1 2 3 4 5 6 7 8 9 0 1 2 3 4 5 6 7 8 9 0 1 2 3 4 5 6 7 8 9 0 1 2 3 4 5 6 7 8 9 0 1 2 3 4 5 6 7 8 9 0 1 2 3 4 5 6 7 8 9 0 1 2 3 4 5 6 7 8 9 0 1 2 3 4 5 6 7 8 9 0 1 2 3 4 5 6 7 8 9 0 1 2 3 4 5 6 7 8 9 0 1 2 3 4 5 6 7 8 9 0 1 2 3 4 5 6 7 8 9 0 1 2 3 4 5 6 7 8 9 0 1 2 3 4 5 6 7 8 9 0 1 2 3 4 5 6 7 8 9 0 1 2 3 4 5 6 7 8 9 0 1 2 3 4 5 6
idx=0 1 2 3 4 4 5 5 5 5 6 6 6 6 6 6 7 7 7 7 7 7 7 7 7 7 7 7 7 7 7 7 7 7 7 7 7 7 7 7 7 7 7 7 7 7 7 7 7 7 7 7 7 7 7 7 7 7 7 7 7 7 7 7 7 7 7 7 7 7 7 7 7 7 7 7 7 7 7 7 7 7 7 7 7 7 7 7 7 7 7 7 7 7 7 7 7 7 7 7 7 7 7 7 7 7 7 7 7 7 7 7 7 7 7 7 7 7 7 7 7 7 7 7 7 7 7 7 7 7 7 7 7 7 7 7 7 7 7 7 7 7 7 7 7 7 7 7 7 7 7 7 7 7 7 7 7 7 7 7 7 7 7 7 7 7 7 7 7 7 7 7 7 7 7 7 7 7 7 7 7 7 7 7 7 7 7 7 7 7 7 7 7 7 7 7 7 7 7 7 7 7 7 7 7 7 7 7 7 7 7 7 7 7 7 7 7 7 7 7 7 7 7 7 7 7 7 7 7 7 7 7 7 7 7 7 7 7 7 7 7 7 7 7 7 7 7 7 7 7 7 7 7 7 7 7
logits=0.44343245 -2.91281438 -4.53753424 -2.3130188 -3.46976233 -1.14333713 -3.73667336 0.015135888 -0.563321054 -2.58142495 -0.571188807 -1.61227167 2.77277827 -1.03126693 0.18721813 1.949651 -0.9494403 -0.386058003 -1.13265932 0.316217452 -0.265600711 -0.623031855 -0.00716614211 -2.14555359 2.81310749 -0.375868112 -0.434185982 -0.834186733 -1.57012844 -1.62341487 -3.27336526 -1.02207541 -1.77392948 -3.29576206 -2.36199522 -3.00282025 -1.12358737
probs=0.0287490487 0.00100236107 0.000197431844 0.0018260472 0.000574307749 0.00588163733 0.000439771102 0.0187334083 0.0105050001 0.00139619096 0.0104226731 0.00367995561 0.295287907 0.00657914998 0.0222510826 0.12964806 0.00714013865 0.0125423931 0.00594477728 0.0253148191 0.0141479792 0.00989609957 0.0183202382 0.00215894333 0.307440013 0.012670855 0.0119530503 0.00801236276 0.00383835519 0.00363917672 0.000698938442 0.00663990108 0.0031306569 0.000683458347 0.00173876865 0.000916083693 0.00599895371
