# phosmdl reference
model=phos_pitch_tf.phosmdl
arch=transformer
tokenVersion=1
vocab=37
relMin=-12
quant=int8
cases=12

case 0
role=0
style=0
bars=0
len=1
tok=12
step=0
bar=0
gap=0
idx=0
logits=2.06323624 -2.77335048 -3.37857151 -0.937230706 -4.3619442 -0.506455839 -5.30728722 -0.71484822 -1.04114044 -4.77192783 -1.66045713 -2.83671331 2.31698346 -1.01728296 0.403059095 0.972708106 -1.38564944 -0.200220868 -3.12699366 0.990092993 -0.303206682 -2.60042953 -0.787186921 -3.35143709 0.876849711 -1.97176111 -1.16411412 -0.856786549 -2.60318875 -1.70795953 -5.07801962 -0.469617873 -1.82042181 -4.80407953 -2.39120364 -3.45320821 -0.983608961
probs=0.227052823 0.00180145749 0.000983512611 0.011299016 0.000367880391 0.0173829645 0.000142938545 0.0141130267 0.010183882 0.000244147901 0.005482106 0.00169085257 0.292636126 0.0104297642 0.0431639515 0.0762986094 0.00721597346 0.0236113071 0.00126484886 0.0776366368 0.0213006977 0.00214152294 0.0131281605 0.00101056462 0.0693243518 0.00401559519 0.00900547113 0.01224552 0.00213562162 0.00522778183 0.000179770679 0.0180352591 0.00467170682 0.000236422871 0.00263990485 0.000912778778 0.0107869552
case 1
role=1
style=1
bars=1
len=2
tok=12 2
step=0 2
bar=0 0
gap=1 2
idx=0 1
logits=1.9227407 -2.30597568 -3.68474627 -1.60365129 -3.10812259 -0.915550351 -5.53723192 -1.26572752 -1.72707307 -3.58865047 -0.803790212 -3.51760459 2.87112665 0.614642441 -0.479608059 0.463295549 -0.726617754 -0.375277013 -2.89334106 0.507734835 -1.62270069 -2.81481552 -0.593028069 -4.21307135 1.39489055 -0.893128872 -1.84045005 -0.969501257 -1.31039679 -1.41645384 -3.46750259 -0.958411872 -2.28690434 -4.74192619 -2.57107091 -3.70060539 -0.781152427
probs=0.168531165 0.00245568203 0.000618556747 0.0049566417 0.00110104261 0.00986338779 9.70186593e-05 0.00694937957 0.00438113092 0.000680947327 0.0110296812 0.000731085835 0.435069859 0.0455596447 0.0152529348 0.0391607657 0.0119145717 0.0169302654 0.00136484229 0.0409402922 0.00486311549 0.00147633755 0.0136174485 0.000364695909 0.0994117633 0.0100870365 0.00391153619 0.00934534799 0.00664578844 0.00597704342 0.000768647646 0.00944955833 0.00250296388 0.000214907792 0.00188383355 0.00060882431 0.011282213
case 2
role=2
style=2
bars=2
len=4
tok=12 19 8 5
step=0 3 6 9
bar=0 0 0 0
gap=2 3 4 5
idx=0 1 2 3
logits=0.816567183 -2.91368055 -6.82483196 -2.46578765 -5.19977903 1.94928968 -4.08222151 -1.4124974 2.53848243 -4.90737915 -0.68223238 -2.68450403 2.50032663 -1.6864593 -1.24615276 0.998226464 -1.84619451 0.914957047 -3.18228769 1.70119941 2.40493345 -3.77229548 -0.373557746 -0.980907023 1.57304037 -2.38722324 -1.42351162 -0.928794682 -5.15113974 -2.80386496 -6.51235914 -2.75447369 -3.17110968 -5.13702202 -3.06678724 -4.04168367 -0.585866988
probs=0.0348129086 0.000835053797 1.67156304e-05 0.00130686804 8.4893516e-05 0.10806261 0.000259551511 0.00374688115 0.1947864 0.000113726564 0.00777714048 0.00105013349 0.187494174 0.00284898235 0.00442499202 0.0417478345 0.00242838566 0.0384123176 0.000638351426 0.0843201205 0.170435101 0.00035385284 0.0105895046 0.00576908886 0.0741775483 0.00141368189 0.00370583776 0.00607770076 8.91247328e-05 0.000931980321 2.28469471e-05 0.000979167409 0.000645526976 9.03918626e-05 0.000716508017 0.000270289311 0.00856388733
case 3
role=0
style=3
bars=3
len=7
tok=12 17 25 12 31 22 31
step=0 4 8 12 0 4 8
bar=0 0 0 0 1 1 1
gap=3 4 5 6 7 8 9
idx=0 1 2 3 4 4 5
logits=-0.66318357 -1.73347509 -3.88636637 0.0728317276 -3.17763519 -1.33328414 -5.04780674 -1.53658116 -3.28786111 -5.01603508 -2.14039779 -1.75518882 1.49893272 -0.573032618 -2.68077636 2.2377851 1.40460408 -0.235852644 -1.51347029 -0.275878996 -0.747171402 -2.18337512 -1.28716993 -3.26600838 1.00983179 -0.00996978953 -3.03027916 0.327513486 -1.02480447 0.841195345 -2.68449974 3.85072041 2.31635857 -1.41844165 0.0373935848 -0.55989027 1.94036996
probs=0.0052695889 0.00180698698 0.000209877689 0.0110007962 0.000426348066 0.00269622216 6.56990596e-05 0.00220021466 0.000381850987 6.78199431e-05 0.00120290322 0.00176817353 0.0457901396 0.00576672098 0.000700724369 0.0958630964 0.0416682735 0.00807912275 0.00225165579 0.00776213314 0.00484508416 0.00115230086 0.00282346876 0.000390287256 0.028077485 0.0101266084 0.000494037871 0.0141915902 0.00367051316 0.0237203036 0.000698120333 0.480994791 0.103699215 0.00247612363 0.0106177768 0.00584300794 0.071200937
case 4
role=1
style=4
bars=4
len=12
tok=12 36 25 27 36 27 12 12 8 20 13 27
step=0 1 2 3 4 5 6 8 9 10 11 12
bar=0 0 0 0 0 0 0 0 0 0 0 0
gap=4 5 6 7 8 9 0 1 2 3 4 5
idx=0 1 2 3 4 4 5 5 5 5 6 6
logits=-0.00842054933 -1.64358521 -7.91423607 -3.57153487 -4.28664684 -3.08578444 -3.73743153 -3.83855915 3.32087803 -7.23656321 -2.01024604 -5.01711607 2.03290486 1.2688092 -4.13301373 2.34339309 -2.92245054 0.47162208 -3.53460979 -0.341175675 1.77669322 -5.41241646 -0.183561787 -4.25175905 1.34717345 -0.248833403 -2.51682305 3.11404943 -3.77464128 -0.258307695 -3.00694084 -0.379997909 0.114246897 -2.38654351 0.758320808 -3.0403285 1.81975007
probs=0.0100937281 0.00196747249 3.72048498e-06 0.000286161114 0.000139972122 0.000465124758 0.00024241682 0.000219100591 0.281804293 7.32670924e-06 0.00136354589 6.74222174e-05 0.0777298808 0.0362030827 0.000163216333 0.106030613 0.000547651725 0.0163129102 0.000296925224 0.00723665627 0.0601612292 4.54073343e-05 0.0084720552 0.000144941616 0.0391542241 0.00793673098 0.000821611204 0.229151681 0.000233562343 0.00786189083 0.000503281306 0.00696109561 0.0114110438 0.000935935765 0.0217291694 0.000486755336 0.062808156
case 5
role=2
style=5
bars=5
len=16
tok=12 22 20 20 25 19 7 24 2 8 24 36 14 25 24 10
step=0 2 4 6 8 10 12 15 1 3 5 7 9 11 14 0
bar=0 0 0 0 0 0 0 0 1 1 1 1 1 1 1 2
gap=5 6 7 8 9 0 1 2 3 4 5 6 7 8 9 0
idx=0 1 2 3 4 4 5 5 5 5 6 6 6 6 6 6
logits=4.4375844 -0.950190365 -0.144419193 0.876274049 -3.30947399 0.25041312 -5.16994286 -0.684735239 -1.38353109 -4.16762638 3.26485944 -2.46784425 1.55560732 -1.32650387 -0.150444239 0.216985047 -0.979618967 0.319010556 -3.70536113 -0.616474569 -1.75204432 -4.91131592 -1.06719649 -4.30379343 -0.411249757 -2.18055558 -0.797048986 -1.35973322 -2.42035007 -0.790424407 -3.87826991 0.556036174 -1.64207745 -5.93297672 -1.72450924 -4.31952381 0.261481613
probs=0.640589416 0.00292886118 0.00655602943 0.0181937534 0.000276741979 0.00973003171 4.30609762e-05 0.00381930731 0.00189889688 0.000117323223 0.198276743 0.000642081432 0.0358883105 0.00201033335 0.00651664892 0.00941015594 0.0028439255 0.0104209166 0.000186270277 0.00408911984 0.00131358509 5.57704443e-05 0.00260545639 0.000102387654 0.00502062635 0.000855771825 0.00341355824 0.00194462889 0.000673312461 0.00343624735 0.000156693219 0.0132082365 0.0014662774 2.00771519e-05 0.0013502572 0.000100789606 0.00983833056
case 6
role=0
style=0
bars=6
len=33
tok=12 0 3 2 17 0 15 24 13 20 36 2 22 27 31 14 5 36 5 2 31 36 10 13 31 24 7 0 27 5 3 15 12
step=0 3 6 9 12 15 2 6 9 12 15 2 5 8 12 15 2 5 8 11 14 2 5 8 11 14 1 4 8 11 14 1 4
bar=0 0 0 0 0 0 1 1 1 1 1 2 2 2 2 2 3 3 3 3 3 4 4 4 4 4 5 5 5 5 5 6 6
gap=6 7 8 9 0 1 2 3 4 5 6 7 8 9 0 1 2 3 4 5 6 7 8 9 0 1 2 3 4 5 6 7 8
idx=0 1 2 3 4 4 5 5 5 5 6 6 6 6 6 6 7 7 7 7 7 7 7 7 7 7 7 7 7 7 7 7 7
logits=1.58895528 -1.8199929 0.191114217 3.41016269 -2.66841912 -0.612605691 -1.29352117 3.35302114 -1.1178875 0.800820947 3.41945696 -1.53351498 2.27701569 2.65845776 2.12623906 4.45716953 1.27996981 0.328935385 -3.44072533 2.31074977 -0.48917076 -1.50006735 -0.289686441 -5.31441116 -1.62357044 -3.21669436 -2.65928411 -3.83495188 -4.90000439 -5.05793285 -5.45054054 -3.96980762 -5.68396568 -6.8078742 -4.58695173 -4.78565025 -3.01439047
probs=0.020835055 0.000689139648 0.0051489668 0.128746361 0.000295012578 0.00230498938 0.00116667827 0.121595837 0.0013906816 0.00947353709 0.129948527 0.000917747093 0.0414586775 0.0607118793 0.0356561132 0.366812587 0.0152969165 0.00590983126 0.000136279981 0.0428811051 0.00260781054 0.000948962872 0.00318354485 2.09266946e-05 0.000838711159 0.000170501226 0.000297719787 9.18801015e-05 3.16719816e-05 2.7045051e-05 1.82633485e-05 8.02887225e-05 1.44612286e-05 4.70000259e-06 4.33144196e-05 3.55090124e-05 0.000208731028
case 7
role=1
style=1
bars=7
len=64
tok=12 5 8 24 8 0 2 17 19 19 17 27 22 20 10 22 19 7 22 24 20 8 13 5 8 36 0 5 27 24 10 13 10 15 36 8 5 5 19 31 7 13 22 2 25 14 19 24 25 22 3 19 13 24 0 25 3 8 2 17 27 22 7 12
step=0 4 8 12 0 4 8 13 1 5 9 13 1 5 10 14 2 6 10 14 2 7 11 15 3 7 11 15 4 8 12 0 4 8 12 1 5 9 13 1 5 9 14 2 6 10 14 2 6 11 15 3 7 11 15 3 8 12 0 4 8 12 0 5
bar=0 0 0 0 1 1 1 1 2 2 2 2 3 3 3 3 4 4 4 4 5 5 5 5 6 6 6 6 7 7 7 0 0 0 0 1 1 1 1 2 2 2 2 3 3 3 3 4 4 4 4 5 5 5 5 6 6 6 7 7 7 7 0 0
gap=7 8 9 0 1 2 3 4 5 6 7 8 9 0 1 2 3 4 5 6 7 8 9 0 1 2 3 4 5 6 7 8 9 0 1 2 3 4 5 6 7 8 9 0 1 2 3 4 5 6 7 8 9 0 1 2 3 4 5 6 7 8 9 0
idx=0 1 2 3 4 4 5 5 5 5 6 6 6 6 6 6 7 7 7 7 7 7 7 7 7 7 7 7 7 7 7 7 7 7 7 7 7 7 7 7 7 7 7 7 7 7 7 7 7 7 7 7 7 7 7 7 7 7 7 7 7 7 7 7
logits=0.739441693 -4.51784754 -4.04732704 -0.109974384 -3.82602644 -0.4182221 -4.70814323 -0.264817864 0.219849303 -1.49950087 -0.26034373 -3.15711451 6.60379791 2.20759583 -1.92458773 2.51881146 -1.96876526 -2.03742051 -2.55055404 1.50532234 -3.01375818 -4.1807251 -1.66304862 -6.13672447 0.387001783 -2.2123971 -3.44825602 -2.41619778 -3.53867626 -2.79120994 -3.79003572 -0.581230819 -4.87528229 -5.10551167 -2.72830582 -4.51219559 -2.16143584
probs=0.00270643691 1.40989368e-05 2.25699514e-05 0.001157447 2.81604789e-05 0.000850415032 1.16557922e-05 0.000991410576 0.00160968781 0.000288427924 0.000995856244 5.49724609e-05 0.953356624 0.0117492219 0.000188549224 0.0160386655 0.000180400821 0.000168430983 0.000100825593 0.005821242 6.3445972e-05 1.97513418e-05 0.000244911702 2.79329515e-06 0.00190254615 0.000141393932 4.10869652e-05 0.000115324365 3.75348609e-05 7.9260215e-05 2.91924789e-05 0.000722498866 9.86175473e-06 7.83369978e-06 8.44061724e-05 1.41788423e-05 0.000148786203
case 8
role=2
style=2
bars=0
len=100
tok=12 12 24 0 7 12 5 5 7 5 25 7 20 2 15 3 14 17 7 14 0 5 5 36 22 19 24 36 13 0 24 12 10 20 12 36 10 0 22 31 17 20 7 3 17 7 20 24 5 13 12 19 3 3 15 24 19 36 27 19 2 0 10 36 5 20 5 25 36 27 22 15 25 8 20 17 31 14 0 36 25 7 5 13 25 24 10 13 17 17 3 20 3 0 5 22 8 10 14 15
step=0 0 0 0 0 0 0 0 1 1 1 1 1 1 1 1 2 2 2 2 2 2 2 3 3 3 3 3 3 3 4 4 4 4 4 4 4 5 5 5 5 5 5 5 6 6 6 6 6 6 6 8 8 8 8 8 8 8 9 9 9 9 9 9 9 10 10 10 10 10 10 10 11 11 11 11 11 11 11 12 12 12 12 12 12 12 13 13 13 13 13 13 13 14 14 14 14 14 14 14
bar=0 0 0 0 0 0 0 0 0 0 0 0 0 0 0 0 0 0 0 0 0 0 0 0 0 0 0 0 0 0 0 0 0 0 0 0 0 0 0 0 0 0 0 0 0 0 0 0 0 0 0 0 0 0 0 0 0 0 0 0 0 0 0 0 0 0 0 0 0 0 0 0 0 0 0 0 0 0 0 0 0 0 0 0 0 0 0 0 0 0 0 0 0 0 0 0 0 0 0 0
gap=8 9 0 1 2 3 4 5 6 7 8 9 0 1 2 3 4 5 6 7 8 9 0 1 2 3 4 5 6 7 8 9 0 1 2 3 4 5 6 7 8 9 0 1 2 3 4 5 6 7 8 9 0 1 2 3 4 5 6 7 8 9 0 1 2 3 4 5 6 7 8 9 0 1 2 3 4 5 6 7 8 9 0 1 2 3 4 5 6 7 8 9 0 1 2 3 4 5 6 7
idx=0 1 2 3 4 4 5 5 5 5 6 6 6 6 6 6 7 7 7 7 7 7 7 7 7 7 7 7 7 7 7 7 7 7 7 7 7 7 7 7 7 7 7 7 7 7 7 7 7 7 7 7 7 7 7 7 7 7 7 7 7 7 7 7 7 7 7 7 7 7 7 7 7 7 7 7 7 7 7 7 7 7 7 7 7 7 7 7 7 7 7 7 7 7 7 7 7 7 7 7
logits=1.38187933 -4.4749012 3.39820123 -0.638085425 -2.90108967 -0.792918384 -6.15436983 -3.31890655 -5.26730871 -2.316329 -1.00803173 -3.63654566 0.823798537 -1.52979958 1.55098879 1.69447422 -0.640994847 1.19011998 -0.973131061 2.70821118 -3.00605702 -1.24868608 -0.729043007 -3.62401175 0.217647702 -1.59637392 0.419383228 0.992438138 -0.588381231 1.30741012 -1.55709398 0.466453642 -1.94025731 -1.83535933 -2.44489193 -3.58164978 -0.417750984
probs=0.0491854474 0.000140691947 0.369414628 0.00652494701 0.000678839162 0.00558899716 2.62352441e-05 0.000447003869 6.36987388e-05 0.00121821847 0.00450724782 0.000325358502 0.028149141 0.00267491792 0.0582478493 0.0672349036 0.0065059918 0.0406028591 0.00466733146 0.18529138 0.000611195341 0.00354320742 0.00595764723 0.000329462287 0.0153538492 0.00250263605 0.0187858082 0.0333199538 0.00685745943 0.0456556976 0.00260289572 0.0196912028 0.0017743978 0.00197064155 0.00107125053 0.000343718886 0.00813330431
case 9
role=0
style=3
bars=1
len=150
tok=12 20 24 17 0 24 5 3 3 25 36 36 36 15 24 27 17 2 19 12 0 36 24 12 3 24 22 22 13 22 0 14 10 2 14 15 24 0 22 8 15 7 27 3 25 7 27 14 12 24 5 15 0 3 25 12 0 14 12 20 10 8 7 17 36 36 25 22 19 25 27 24 0 19 10 3 5 25 2 20 20 12 27 27 31 17 2 19 8 8 13 22 14 36 12 3 31 12 5 12 36 19 12 15 13 14 22 3 13 12 8 12 20 17 12 15 3 27 13 0 22 22 5 10 5 5 24 12 36 8 24 8 24 17 17 14 19 25 10 3 27 31 25 2 20 2 24 17 17 25
step=0 2 4 6 8 10 12 15 1 3 5 7 9 11 14 0 2 4 6 8 10 13 15 1 3 5 7 9 12 14 0 2 4 6 8 11 13 15 1 3 5 7 10 12 14 0 2 4 6 9 11 13 15 1 3 5 8 10 12 14 0 2 4 7 9 11 13 15 1 3 6 8 10 12 14 0 2 5 7 9 11 13 15 1 4 6 8 10 12 14 0 3 5 7 9 11 13 15 2 4 6 8 10 12 14 1 3 5 7 9 11 13 0 2 4 6 8 10 12 15 1 3 5 7 9 11 14 0 2 4 6 8 10 13 15 1 3 5 7 9 12 14 0 2 4 6 8 11 13 15
bar=0 0 0 0 0 0 0 0 1 1 1 1 1 1 1 0 0 0 0 0 0 0 0 1 1 1 1 1 1 1 0 0 0 0 0 0 0 0 1 1 1 1 1 1 1 0 0 0 0 0 0 0 0 1 1 1 1 1 1 1 0 0 0 0 0 0 0 0 1 1 1 1 1 1 1 0 0 0 0 0 0 0 0 1 1 1 1 1 1 1 0 0 0 0 0 0 0 0 1 1 1 1 1 1 1 0 0 0 0 0 0 0 1 1 1 1 1 1 1 1 0 0 0 0 0 0 0 1 1 1 1 1 1 1 1 0 0 0 0 0 0 0 1 1 1 1 1 1 1 1
gap=9 0 1 2 3 4 5 6 7 8 9 0 1 2 3 4 5 6 7 8 9 0 1 2 3 4 5 6 7 8 9 0 1 2 3 4 5 6 7 8 9 0 1 2 3 4 5 6 7 8 9 0 1 2 3 4 5 6 7 8 9 0 1 2 3 4 5 6 7 8 9 0 1 2 3 4 5 6 7 8 9 0 1 2 3 4 5 6 7 8 9 0 1 2 3 4 5 6 7 8 9 0 1 2 3 4 5 6 7 8 9 0 1 2 3 4 5 6 7 8 9 0 1 2 3 4 5 6 7 8 9 0 1 2 3 4 5 6 7 8 9 0 1 2 3 4 5 6 7 8
idx=0 1 2 3 4 4 5 5 5 5 6 6 6 6 6 6 7 7 7 7 7 7 7 7 7 7 7 7 7 7 7 7 7 7 7 7 7 7 7 7 7 7 7 7 7 7 7 7 7 7 7 7 7 7 7 7 7 7 7 7 7 7 7 7 7 7 7 7 7 7 7 7 7 7 7 7 7 7 7 7 7 7 7 7 7 7 7 7 7 7 7 7 7 7 7 7 7 7 7 7 7 7 7 7 7 7 7 7 7 7 7 7 7 7 7 7 7 7 7 7 7 7 7 7 7 7 7 7 7 7 7 7 7 7 7 7 7 7 7 7 7 7 7 7 7 7 7 7 7 7
logits=-1.5110327 1.94297242 -2.92941594 3.64938116 -2.90558696 -0.800046206 -3.1378386 -1.25923443 -1.41571534 -4.10989141 0.617465854 -3.44161296 0.753509343 1.75502682 -4.28017378 2.0499258 0.569534421 1.15727389 -2.83096004 0.527374566 1.85497749 -3.45900512 0.0629889891 -3.68398786 1.17647088 1.32982993 -2.13678074 0.255369276 -2.92760682 -0.0400954112 -2.98074746 0.457454205 0.499818504 -5.19249296 -2.63455057 -3.66978431 0.252138287
probs=0.00238058064 0.0752901658 0.000576350605 0.414784163 0.000590249663 0.00484685786 0.000467918231 0.00306222774 0.00261865766 0.000177016147 0.0200022161 0.000345336623 0.0229171701 0.06238994 0.000149300118 0.0837890953 0.0190660916 0.0343173444 0.000635983481 0.0182789769 0.0689481422 0.000339382415 0.0114887254 0.000271006924 0.0349824987 0.0407806225 0.00127328013 0.0139258429 0.000577394268 0.010363414 0.000547512143 0.0170445647 0.0177821591 5.99577106e-05 0.000774007698 0.000274883758 0.0138809225
case 10
role=1
style=4
bars=2
len=200
tok=12 22 10 8 14 3 15 22 31 0 10 24 19 17 15 0 8 17 15 25 5 5 5 25 10 20 10 19 31 14 25 17 31 17 31 10 20 3 10 24 7 27 17 2 36 27 20 5 15 24 19 36 8 20 14 25 5 8 20 0 22 27 2 2 15 19 24 10 10 15 7 13 19 13 12 24 3 15 19 13 5 7 3 19 27 8 13 17 24 7 13 19 5 17 8 3 14 27 13 13 10 12 31 13 12 36 0 31 14 2 13 0 2 15 0 22 5 20 27 19 7 14 13 7 24 7 3 27 2 3 20 12 22 14 19 5 14 25 2 27 17 13 0 14 2 19 22 14 19 15 31 12 25 31 8 31 14 0 22 14 25 19 15 7 24 17 22 36 10 17 5 24 7 7 5 14 8 14 20 12 5 14 17 2 27 5 22 25 19 25 17 22 12 17 36 7 8 17 25 17
step=0 0 0 0 0 1 1 1 1 2 2 2 2 2 3 3 3 3 4 4 4 4 5 5 5 5 6 6 6 6 6 7 7 7 8 8 8 8 8 9 9 9 9 10 10 10 10 11 11 11 11 12 12 12 12 12 13 13 13 14 14 14 14 14 15 15 15 15 0 0 0 0 1 1 1 2 2 2 2 2 2 3 3 3 4 4 4 4 5 5 5 5 6 6 6 6 6 7 7 7 8 8 8 8 8 9 9 9 9 10 10 10 10 11 11 11 11 12 12 12 12 12 13 13 13 14 14 14 14 14 15 15 15 15 0 0 0 0 1 1 1 1 2 2 2 2 2 3 3 3 4 4 4 4 4 5 5 5 5 6 6 6 6 7 7 7 8 8 8 8 8 8 9 9 9 10 10 10 10 11 11 11 11 12 12 12 12 12 13 13 13 14 14 14 14 14 15 15 15 15
bar=0 0 0 0 0 0 0 0 0 0 0 0 0 0 0 0 0 0 0 0 0 0 0 0 0 0 0 0 0 0 0 0 0 0 0 0 0 0 0 0 0 0 0 0 0 0 0 0 0 0 0 0 0 0 0 0 0 0 0 0 0 0 0 0 0 0 0 0 1 1 1 1 1 1 1 1 1 1 1 1 1 1 1 1 1 1 1 1 1 1 1 1 1 1 1 1 1 1 1 1 1 1 1 1 1 1 1 1 1 1 1 1 1 1 1 1 1 1 1 1 1 1 1 1 1 1 1 1 1 1 1 1 1 1 2 2 2 2 2 2 2 2 2 2 2 2 2 2 2 2 2 2 2 2 2 2 2 2 2 2 2 2 2 2 2 2 2 2 2 2 2 2 2 2 2 2 2 2 2 2 2 2 2 2 2 2 2 2 2 2 2 2 2 2 2 2 2 2 2 2
gap=0 1 2 3 4 5 6 7 8 9 0 1 2 3 4 5 6 7 8 9 0 1 2 3 4 5 6 7 8 9 0 1 2 3 4 5 6 7 8 9 0 1 2 3 4 5 6 7 8 9 0 1 2 3 4 5 6 7 8 9 0 1 2 3 4 5 6 7 8 9 0 1 2 3 4 5 6 7 8 9 0 1 2 3 4 5 6 7 8 9 0 1 2 3 4 5 6 7 8 9 0 1 2 3 4 5 6 7 8 9 0 1 2 3 4 5 6 7 8 9 0 1 2 3 4 5 6 7 8 9 0 1 2 3 4 5 6 7 8 9 0 1 2 3 4 5 6 7 8 9 0 1 2 3 4 5 6 7 8 9 0 1 2 3 4 5 6 7 8 9 0 1 2 3 4 5 6 7 8 9 0 1 2 3 4 5 6 7 8 9 0 1 2 3 4 5 6 7 8 9
idx=0 1 2 3 4 4 5 5 5 5 6 6 6 6 6 6 7 7 7 7 7 7 7 7 7 7 7 7 7 7 7 7 7 7 7 7 7 7 7 7 7 7 7 7 7 7 7 7 7 7 7 7 7 7 7 7 7 7 7 7 7 7 7 7 7 7 7 7 7 7 7 7 7 7 7 7 7 7 7 7 7 7 7 7 7 7 7 7 7 7 7 7 7 7 7 7 7 7 7 7 7 7 7 7 7 7 7 7 7 7 7 7 7 7 7 7 7 7 7 7 7 7 7 7 7 7 7 7 7 7 7 7 7 7 7 7 7 7 7 7 7 7 7 7 7 7 7 7 7 7 7 7 7 7 7 7 7 7 7 7 7 7 7 7 7 7 7 7 7 7 7 7 7 7 7 7 7 7 7 7 7 7 7 7 7 7 7 7 7 7 7 7 7 7 7 7 7 7 7 7
logits=1.13387001 4.08396721 1.70871723 6.44673014 1.7793889 3.8620677 -1.31787133 0.733183205 0.279198706 0.359898895 2.26954579 -3.47515392 1.02124512 5.24232054 -3.09432507 -0.117580518 3.85856366 1.23984337 -4.13277102 2.47258091 -0.164395154 -2.22141409 -1.69786131 -2.69510031 -1.86335063 -2.13772273 -3.19227076 -2.8309536 -3.32548857 -2.87996626 -3.78414583 -2.35392952 -3.17121077 -6.28835154 -2.90370059 -1.22634184 -0.212091848
probs=0.00303044589 0.0579051785 0.00538467569 0.614967763 0.00577898836 0.0463818125 0.000261053006 0.00202997425 0.00128922134 0.00139757537 0.00943461806 3.01878808e-05 0.00270765997 0.184409767 4.41798766e-05 0.000866978837 0.0462195724 0.00336922635 1.56398783e-05 0.0115584945 0.00082732673 0.000105760904 0.000178525923 6.58575955e-05 0.000151296961 0.000114993134 4.00578319e-05 5.74917685e-05 3.50615992e-05 5.47418604e-05 2.21635528e-05 9.26348948e-05 4.09103959e-05 1.81165979e-06 5.34579085e-05 0.000286074792 0.000788792269
case 11
role=2
style=5
bars=3
len=256
tok=12 27 0 14 3 36 22 25 15 10 5 12 31 31 14 12 27 13 36 36 10 12 27 31 14 0 17 36 5 31 2 31 22 2 13 20 17 10 2 2 22 19 7 3 27 8 15 7 36 14 14 20 31 27 3 17 15 19 12 15 7 0 19 27 22 25 36 5 31 15 12 36 36 36 13 12 24 24 15 17 36 10 27 25 12 17 0 25 25 14 24 22 24 31 24 25 15 7 15 24 20 7 0 5 36 31 24 24 0 2 14 31 14 8 12 8 0 3 27 25 22 10 22 19 8 10 7 24 12 15 7 8 19 31 15 14 20 36 17 0 17 20 27 5 19 25 12 22 27 10 13 31 25 8 13 19 31 36 0 8 31 27 2 27 31 0 17 25 15 25 2 10 27 12 10 27 8 3 0 0 19 24 2 7 7 24 24 22 12 2 5 25 24 31 17 20 13 12 5 8 17 3 13 7 7 17 15 14 12 25 0 14 31 13 10 24 31 22 19 25 22 36 36 5 3 17 15 3 17 3 10 5 25 13 36 2 36 31 24 36 31 2 12 10 3 10 15 24 27 14 27 22 36 24 12 14
step=0 4 8 12 0 4 8 13 1 5 9 13 1 5 10 14 2 6 10 14 2 7 11 15 3 7 11 15 4 8 12 0 4 8 12 1 5 9 13 1 5 9 14 2 6 10 14 2 6 11 15 3 7 11 15 3 8 12 0 4 8 12 0 5 9 13 1 5 9 13 2 6 10 14 2 6 10 15 3 7 11 15 3 7 12 0 4 8 12 0 4 9 13 1 5 9 13 1 6 10 14 2 6 10 14 3 7 11 15 3 7 11 0 4 8 12 0 4 8 13 1 5 9 13 1 5 10 14 2 6 10 14 2 7 11 15 3 7 11 15 4 8 12 0 4 8 12 1 5 9 13 1 5 9 14 2 6 10 14 2 6 11 15 3 7 11 15 3 8 12 0 4 8 12 0 5 9 13 1 5 9 13 2 6 10 14 2 6 10 15 3 7 11 15 3 7 12 0 4 8 12 0 4 9 13 1 5 9 13 1 6 10 14 2 6 10 14 3 7 11 15 3 7 11 0 4 8 12 0 4 8 13 1 5 9 13 1 5 10 14 2 6 10 14 2 7 11 15 3 7 11 15 4 8 12 0
bar=0 0 0 0 1 1 1 1 2 2 2 2 3 3 3 3 0 0 0 0 1 1 1 1 2 2 2 2 3 3 3 0 0 0 0 1 1 1 1 2 2 2 2 3 3 3 3 0 0 0 0 1 1 1 1 2 2 2 3 3 3 3 0 0 0 0 1 1 1 1 2 2 2 2 3 3 3 3 0 0 0 0 1 1 1 2 2 2 2 3 3 3 3 0 0 0 0 1 1 1 1 2 2 2 2 3 3 3 3 0 0 0 1 1 1 1 2 2 2 2 3 3 3 3 0 0 0 0 1 1 1 1 2 2 2 2 3 3 3 3 0 0 0 1 1 1 1 2 2 2 2 3 3 3 3 0 0 0 0 1 1 1 1 2 2 2 2 3 3 3 0 0 0 0 1 1 1 1 2 2 2 2 3 3 3 3 0 0 0 0 1 1 1 1 2 2 2 3 3 3 3 0 0 0 0 1 1 1 1 2 2 2 2 3 3 3 3 0 0 0 0 1 1 1 2 2 2 2 3 3 3 3 0 0 0 0 1 1 1 1 2 2 2 2 3 3 3 3 0 0 0 0 1 1 1 2
gap=1 2 3 4 5 6 7 8 9 0 1 2 3 4 5 6 7 8 9 0 1 2 3 4 5 6 7 8 9 0 1 2 3 4 5 6 7 8 9 0 1 2 3 4 5 6 7 8 9 0 1 2 3 4 5 6 7 8 9 0 1 2 3 4 5 6 7 8 9 0 1 2 3 4 5 6 7 8 9 0 1 2 3 4 5 6 7 8 9 0 1 2 3 4 5 6 7 8 9 0 1 2 3 4 5 6 7 8 9 0 1 2 3 4 5 6 7 8 9 0 1 2 3 4 5 6 7 8 9 0 1 2 3 4 5 6 7 8 9 0 1 2 3 4 5 6 7 8 9 0 1 2 3 4 5 6 7 8 9 0 1 2 3 4 5 6 7 8 9 0 1 2 3 4 5 6 7 8 9 0 1 2 3 4 5 6 7 8 9 0 1 2 3 4 5 6 7 8 9 0 1 2 3 4 5 6 7 8 9 0 1 2 3 4 5 6 7 8 9 0 1 2 3 4 5 6 7 8 9 0 1 2 3 4 5 6 7 8 9 0 1 2 3 4 5 6 7 8 9 0 1 2 3 4 5 6
idx=0 1 2 3 4 4 5 5 5 5 6 6 6 6 6 6 7 7 7 7 7 7 7 7 7 7 7 7 7 7 7 7 7 7 7 7 7 7 7 7 7 7 7 7 7 7 7 7 7 7 7 7 7 7 7 7 7 7 7 7 7 7 7 7 7 7 7 7 7 7 7 7 7 7 7 7 7 7 7 7 7 7 7 7 7 7 7 7 7 7 7 7 7 7 7 7 7 7 7 7 7 7 7 7 7 7 7 7 7 7 7 7 7 7 7 7 7 7 7 7 7 7 7 7 7 7 7 7 7 7 7 7 7 7 7 7 7 7 7 7 7 7 7 7 7 7 7 7 7 7 7 7 7 7 7 7 7 7 7 7 7 7 7 7 7 7 7 7 7 7 7 7 7 7 7 7 7 7 7 7 7 7 7 7 7 7 7 7 7 7 7 7 7 7 7 7 7 7 7 7 7 7 7 7 7 7 7 7 7 7 7 7 7 7 7 7 7 7 7 7 7 7 7 7 7 7 7 7 7 7 7 7 7 7 7 7 7 7 7 7 7 7 7 7 7 7 7 7 7 7 7 7 7 7 7 7
logits=-2.80151963 -3.56489706 -2.87424445 -1.72832537 -4.60065842 -4.19131374 -2.34923816 -2.43332648 -3.21767521 0.657110929 -2.37424994 0.961857915 0.286760896 -0.536520183 -0.46202746 4.98092556 -1.51483679 -0.748921335 1.37980914 -0.313610464 -0.303232253 3.38415956 3.8022294 -3.89821815 2.50661373 2.29677272 -2.36813259 1.1129334 0.365291268 -0.39147687 0.907351732 2.17575645 -1.18132353 0.74317807 -0.679636419 -2.86242342 -1.14803672
probs=0.000220108763 0.00010259042 0.000204669486 0.000643753388 3.64150728e-05 5.48349308e-05 0.000345987559 0.000318083679 0.000145178783 0.00699361134 0.00033744119 0.00948530436 0.00482903467 0.00211989344 0.00228384021 0.527849615 0.00079695991 0.00171423075 0.014406723 0.00264924648 0.00267688464 0.106916204 0.16240859 7.35101203e-05 0.0444559865 0.0360410511 0.000339511753 0.0110322116 0.00522354897 0.002450787 0.00898213312 0.0319330767 0.00111244735 0.00762218982 0.00183721236 0.000207103294 0.00115010003
