# phosmdl reference
model=bass.phosmdl
arch=transformer
tokenVersion=1
vocab=37
relMin=-12
quant=int8
cases=12

case 0
role=0
style=0
bars=0
len=1
tok=12
step=0
bar=0
gap=0
idx=0
kick=0
logits=-1.44444871 -9.63298416 -7.77990818 -4.53236818 -11.635354 -4.62938213 -9.61980629 -2.28289747 -1.21049643 -6.44091082 -1.19037998 -6.11255074 2.56318951 -3.26649332 -0.816470265 0.196053594 -5.35669851 -2.08119297 -8.20830536 -0.605526567 -0.973069966 -4.91597557 -2.16171193 -6.01934338 -0.204818025 -6.48156452 -4.67678213 -3.62059903 -11.1253538 -4.73555422 -9.26131821 -6.51833963 -7.1624403 -10.5350771 -8.56825829 -10.6622343 -4.58142996
probs=0.0133329984 3.70417865e-06 2.36304841e-05 0.000607940834 5.00119484e-07 0.000551732606 3.75331479e-06 0.00576492958 0.0168473609 9.01553649e-05 0.0171896983 0.00012519781 0.733538389 0.00215587579 0.0249836203 0.0687683672 0.000266599382 0.00705331285 1.53965011e-05 0.0308508407 0.0213621464 0.000414250215 0.00650765188 0.000137428302 0.0460566618 8.65637558e-05 0.000526190619 0.00151299569 8.32844648e-07 0.000496156572 5.37160895e-06 8.34381499e-05 4.38162788e-05 1.50285803e-06 1.07422802e-05 1.32340949e-06 0.000578834035
case 1
role=1
style=1
bars=1
len=2
tok=12 17
step=0 2
bar=0 0
gap=1 2
idx=0 1
kick=0 2
logits=-4.69364119 -7.7377038 -8.60450268 -6.6580143 -7.9302268 -0.699636877 -8.24947071 -5.92961597 -4.87058401 -3.45645547 -1.41709054 -7.72662067 1.26621735 -3.16254449 -2.68211031 1.2626493 -3.42459702 6.69904137 -3.86159134 0.0551402271 -2.58032489 -3.54932642 -0.797978222 -9.41460419 0.0406226255 -3.92303753 -5.76590824 -1.16952848 -2.95418429 2.20191836 -9.36977577 -4.43076277 -8.2908144 -6.59290314 -8.32503128 -6.6033349 -5.29789734
probs=1.10046194e-05 5.24271002e-07 2.20348269e-07 1.54333009e-06 4.32457824e-07 0.000597240462 3.14266515e-07 3.19740889e-06 9.21997344e-06 3.79208686e-05 0.000291449396 5.30113653e-07 0.00426489953 5.08770754e-05 8.22568691e-05 0.00424971106 3.91484136e-05 0.975785553 2.52888967e-05 0.00127041223 9.10702802e-05 3.45577137e-05 0.00054130255 9.80137571e-08 0.00125210255 2.37817658e-05 3.76613207e-06 0.000373317103 6.26630717e-05 0.0108712325 1.02507528e-07 1.4313362e-05 3.01538478e-07 1.64716164e-06 2.91395281e-07 1.63006894e-06 6.01381544e-06
case 2
role=2
style=2
bars=2
len=3
tok=12 0 17
step=0 3 6
bar=0 0 0
gap=2 3 4
idx=0 1 2
kick=0 2 2
logits=-3.65141654 -6.82149124 -8.31615543 -7.00312901 -7.05678034 0.835395932 -7.9395051 -3.17067456 -2.88449931 -3.90225482 2.24576473 -7.07117605 1.88828576 -2.90312648 0.670597374 1.15494072 -1.60666323 7.7423954 -6.01412249 0.513363183 -3.91355968 -4.7350893 -0.707189262 -9.80403996 -1.68105316 -7.55187082 -8.32129669 -6.12640667 -6.29338217 -2.26500583 -11.3213654 -5.74146938 -10.8450823 -8.22833538 -8.81211472 -8.07687569 -6.95330954
probs=1.11374093e-05 4.67776403e-07 1.04933335e-07 3.90080316e-07 3.69703656e-07 0.000989423366 1.52929502e-07 1.80122515e-05 2.39801611e-05 8.66655409e-06 0.00405412912 3.64419293e-07 0.00283560879 2.35376119e-05 0.000839095039 0.00136194204 8.60616274e-05 0.988675833 1.04875573e-06 0.00071701 8.56913266e-06 3.76834942e-06 0.000211565959 2.36991866e-08 7.98918045e-05 2.25340216e-07 1.04395326e-07 9.3736719e-07 7.93218817e-07 4.45548176e-05 5.19718046e-09 1.37748179e-06 8.36786285e-09 1.14565452e-07 6.39030375e-08 1.33300503e-07 4.10005953e-07
case 3
role=3
style=3
bars=3
len=5
tok=12 11 3 24 17
step=0 4 8 12 0
bar=0 0 0 0 1
gap=3 4 5 6 7
idx=0 1 2 3 4
kick=0 0 0 0 0
logits=0.627411425 -9.08985519 -3.84957266 -4.50450659 -10.5846624 -5.01303434 -7.48702002 -0.222876966 -3.324157 -4.8742485 -2.72272682 -6.38273144 4.24923754 -5.65800333 3.38966846 -1.63894391 -5.70235729 -3.71386409 -9.87438393 -0.727824807 -5.44623423 -5.44642067 -5.04766607 -5.40068197 0.117970839 -7.42654228 -4.887918 -6.23408508 -11.6446619 -7.7757163 -8.15809345 -7.13414955 -7.42785025 -10.9783487 -11.0489321 -10.0793219 -5.08300686
probs=0.0179376863 1.08046663e-06 0.00020390928 0.000105926054 2.42339638e-07 6.37018456e-05 5.36677862e-06 0.0076646246 0.000344843458 7.31856853e-05 0.000629245187 1.61919761e-05 0.670973837 3.34230099e-05 0.284053087 0.00185994769 3.19729443e-05 0.000233547151 4.93054472e-07 0.00462588575 4.13062407e-05 4.12985646e-05 6.15335011e-05 4.32313464e-05 0.0107775321 5.70136763e-06 7.21920514e-05 1.87869664e-05 8.39600318e-08 4.02100386e-06 2.74327908e-06 7.63771732e-06 5.69391204e-06 1.63473999e-07 1.52333257e-07 4.01690073e-07 5.93968034e-05
case 4
role=0
style=4
bars=4
len=9
tok=12 2 9 13 5 24 22 15 12
step=0 1 2 3 4 6 7 8 9
bar=0 0 0 0 0 0 0 0 0
gap=4 5 6 7 8 9 0 1 2
idx=0 1 2 3 4 4 5 5 5
kick=0 1 2 2 0 2 2 0 1
logits=-3.54460311 -12.7624378 -11.1788387 -5.79482603 -12.693325 -7.72080231 -9.64696217 -6.68408394 -7.64723253 -8.76255512 -2.33616686 -11.4746342 3.72907734 -5.75480127 -2.47324944 -1.02019489 -6.91823244 -3.45890999 -11.7744045 -0.135509491 -3.73434663 -5.3209281 -1.11398458 -8.10735226 6.45952749 -6.9914794 -4.49667311 -3.11428833 -10.8197889 -6.79244518 -8.45771027 -5.75176573 -7.87769842 -13.5361452 -9.82598495 -10.7867393 -5.43038321
probs=4.23270649e-05 4.2011008e-09 2.0469697e-08 4.46024478e-06 4.50171944e-09 6.50006314e-07 9.47103445e-08 1.8329838e-06 6.99630505e-07 2.2934563e-07 0.00014172135 1.52282187e-08 0.0610291585 4.64238565e-06 0.000123566526 0.000528389995 1.4503388e-06 4.61141171e-05 1.12839338e-08 0.00127987808 3.50117152e-05 7.1642371e-06 0.000481085503 4.41612656e-07 0.936174452 1.34790309e-06 1.63357599e-05 6.50880393e-05 2.93119822e-08 1.6447442e-06 3.1108749e-07 4.65649919e-06 5.55621057e-07 1.93796823e-09 7.91859947e-08 3.02968886e-08 6.42146551e-06
case 5
role=1
style=5
bars=5
len=16
tok=12 17 15 15 13 19 13 15 13 5 5 3 11 7 13 17
step=0 2 4 6 8 11 13 15 1 3 6 8 10 12 14 1
bar=0 0 0 0 0 0 0 0 1 1 1 1 1 1 1 2
gap=5 6 7 8 9 0 1 2 3 4 5 6 7 8 9 0
idx=0 1 2 3 4 4 5 5 5 5 6 6 6 6 6 6
kick=0 2 0 2 0 2 1 2 1 2 2 0 2 0 2 1
logits=-6.34359455 -7.15911436 -10.9696941 -9.5224762 -7.92073631 -4.31309557 -7.66176319 -5.60893059 -5.34494877 -4.65135908 -0.811014891 -7.06406212 1.8566649 -4.43208456 -3.11496902 -0.275534749 -3.16769648 5.13429356 -5.56650829 0.172909677 0.728281379 -4.76273346 1.99900186 -9.98450947 2.1172998 0.771965027 -7.14654303 -2.30086613 -4.32425022 0.243352175 -6.26654673 -5.76633072 -6.57339716 -8.45472145 -8.99625969 -7.18613434 -6.56732321
probs=8.78941773e-06 3.88852141e-06 8.60736336e-08 3.65922659e-07 1.815583e-06 6.69567526e-05 2.35226753e-06 1.83240118e-05 2.38597786e-05 4.77407048e-05 0.00222192192 4.27626901e-06 0.0320101343 5.94454323e-05 0.000221888215 0.00379564031 0.000210491649 0.848679185 1.91180825e-05 0.00594349531 0.0103570679 4.27089944e-05 0.0369065739 2.30531782e-07 0.0415412709 0.0108195283 3.93771415e-06 0.000500835071 6.62140519e-05 0.00637726672 9.49338937e-06 1.56553433e-05 6.98486201e-06 1.06441087e-06 6.19330081e-07 3.78485879e-06 7.02742364e-06
case 6
role=2
style=0
bars=6
len=31
tok=12 12 22 11 17 11 13 24 11 3 19 12 0 22 22 3 24 12 15 7 17 13 19 12 5 0 24 2 0 9 0
step=0 3 6 9 12 0 3 6 9 12 0 3 6 9 12 0 3 6 9 12 0 3 6 9 12 0 3 6 9 12 0
bar=0 0 0 0 0 1 1 1 1 1 2 2 2 2 2 3 3 3 3 3 4 4 4 4 4 5 5 5 5 5 6
gap=6 7 8 9 0 1 2 3 4 5 6 7 8 9 0 1 2 3 4 5 6 7 8 9 0 1 2 3 4 5 6
idx=0 1 2 3 4 4 5 5 5 5 6 6 6 6 6 6 7 7 7 7 7 7 7 7 7 7 7 7 7 7 7
kick=0 2 2 1 0 0 2 2 1 0 0 2 2 1 0 0 2 2 1 0 0 2 2 1 0 0 2 2 1 0 0
logits=-2.38974214 -6.08995295 -6.90860367 -4.53521729 -7.21065331 -3.21201873 -5.633008 -0.496627003 -6.43575144 -2.86792064 -1.56081235 -2.47293901 1.61639786 -8.64649391 -0.373089343 -1.01619065 -3.02636552 -1.43668234 -7.46545982 4.09542894 -1.19977272 1.13809526 0.34318006 -0.0100332499 -0.446682692 -8.09397697 -3.19037938 -1.19617474 -8.33750153 -4.58189583 -6.89890432 -3.04165864 -4.6267786 -8.33585548 -7.45178843 -6.29521418 -2.98954105
probs=0.00123063917 3.04193345e-05 1.34157335e-05 0.000144000165 9.91826982e-06 0.000540780136 4.80394665e-05 0.00817147363 2.15263954e-05 0.000762887823 0.00281922938 0.00113239745 0.0676044598 2.35970811e-06 0.00924596097 0.00486022886 0.000651101524 0.00319182826 7.68731934e-06 0.806500912 0.00404508784 0.0419035889 0.0189244784 0.0132930716 0.00858995691 4.1002786e-06 0.000552609621 0.0040596691 3.21404491e-06 0.000137432929 1.35464843e-05 0.0006412199 0.000131400811 3.21933976e-06 7.79313268e-06 2.47745575e-05 0.000675525109
case 7
role=3
style=1
bars=7
len=48
tok=12 24 9 12 7 11 15 0 12 13 15 7 19 2 15 2 0 22 15 15 5 7 15 12 3 0 13 2 2 9 22 5 17 2 17 3 12 17 3 24 24 0 0 9 11 11 9 13
step=0 4 8 12 0 5 9 13 1 5 10 14 2 6 10 15 3 7 11 15 4 8 12 0 4 9 13 1 5 9 14 2 6 10 14 3 7 11 15 3 8 12 0 4 8 13 1 5
bar=0 0 0 0 1 1 1 1 2 2 2 2 3 3 3 3 4 4 4 4 5 5 5 6 6 6 6 7 7 7 7 0 0 0 0 1 1 1 1 2 2 2 3 3 3 3 4 4
gap=7 8 9 0 1 2 3 4 5 6 7 8 9 0 1 2 3 4 5 6 7 8 9 0 1 2 3 4 5 6 7 8 9 0 1 2 3 4 5 6 7 8 9 0 1 2 3 4
idx=0 1 2 3 4 4 5 5 5 5 6 6 6 6 6 6 7 7 7 7 7 7 7 7 7 7 7 7 7 7 7 7 7 7 7 7 7 7 7 7 7 7 7 7 7 7 7 7
kick=0 0 0 0 0 1 1 1 1 1 2 2 2 2 2 2 2 2 2 2 0 0 0 0 0 1 1 1 1 1 2 2 2 2 2 2 2 2 2 2 0 0 0 0 0 1 1 1
logits=-7.32004881 -7.00934696 -7.36325979 -6.94246101 -5.36910439 -0.167622089 -7.99574232 -3.40047884 -4.86508703 -3.02702379 -1.30516768 -6.59573174 0.76124084 -2.98697925 1.30466831 2.02637196 0.301918119 8.28997326 -4.99561453 2.62389517 -0.895655513 -3.12482595 0.106135204 -9.31603241 -1.6455034 -4.67570734 -7.54103231 -5.9408288 -5.92455864 -3.01011705 -7.83167267 -5.30839825 -8.01569366 -7.76773357 -8.95073509 -7.51183605 -6.60810947
probs=1.64898253e-07 2.24984163e-07 1.57924575e-07 2.40547109e-07 1.16011279e-06 0.000210608108 8.39007868e-08 8.30736371e-06 1.92040307e-06 1.20684826e-05 6.75220654e-05 3.40237932e-07 0.000533181883 1.25615707e-05 0.000918085047 0.00188936025 0.000336817 0.992115557 1.68540771e-06 0.00343412277 0.000101693768 1.09440516e-05 0.000276927836 2.2406331e-08 4.80440613e-05 2.32080424e-06 1.32203851e-07 6.54942653e-07 6.65686173e-07 1.22742567e-05 9.88598572e-08 1.23272036e-06 8.22433321e-08 1.05387414e-07 3.22862945e-08 1.36120548e-07 3.36052523e-07
case 8
role=0
style=2
bars=0
len=96
tok=12 19 19 12 11 5 12 11 3 17 19 17 12 12 11 3 7 2 19 3 15 0 2 13 12 5 24 7 19 24 5 9 15 17 24 19 19 3 2 2 11 15 3 7 12 0 13 19 7 17 24 17 11 12 24 13 12 2 11 7 19 12 19 0 24 13 19 2 3 0 19 22 9 13 12 3 5 5 12 22 19 0 3 19 24 5 2 2 3 2 13 3 11 19 17 0
step=0 0 0 0 0 0 0 0 1 1 1 1 1 2 2 2 2 2 2 2 2 3 3 3 3 3 4 4 4 4 4 4 4 5 5 5 5 6 6 6 6 6 6 6 7 7 7 7 7 8 8 8 8 8 8 8 9 9 9 9 9 10 10 10 10 10 10 10 11 11 11 11 12 12 12 12 12 12 12 13 13 13 13 13 14 14 14 14 14 14 14 15 15 15 15 15
bar=0 0 0 0 0 0 0 0 0 0 0 0 0 0 0 0 0 0 0 0 0 0 0 0 0 0 0 0 0 0 0 0 0 0 0 0 0 0 0 0 0 0 0 0 0 0 0 0 0 0 0 0 0 0 0 0 0 0 0 0 0 0 0 0 0 0 0 0 0 0 0 0 0 0 0 0 0 0 0 0 0 0 0 0 0 0 0 0 0 0 0 0 0 0 0 0
gap=8 9 0 1 2 3 4 5 6 7 8 9 0 1 2 3 4 5 6 7 8 9 0 1 2 3 4 5 6 7 8 9 0 1 2 3 4 5 6 7 8 9 0 1 2 3 4 5 6 7 8 9 0 1 2 3 4 5 6 7 8 9 0 1 2 3 4 5 6 7 8 9 0 1 2 3 4 5 6 7 8 9 0 1 2 3 4 5 6 7 8 9 0 1 2 3
idx=0 1 2 3 4 4 5 5 5 5 6 6 6 6 6 6 7 7 7 7 7 7 7 7 7 7 7 7 7 7 7 7 7 7 7 7 7 7 7 7 7 7 7 7 7 7 7 7 7 7 7 7 7 7 7 7 7 7 7 7 7 7 7 7 7 7 7 7 7 7 7 7 7 7 7 7 7 7 7 7 7 7 7 7 7 7 7 7 7 7 7 7 7 7 7 7
kick=0 0 0 0 0 0 0 0 1 1 1 1 1 2 2 2 2 2 2 2 2 2 2 2 2 2 0 0 0 0 0 0 0 1 1 1 1 2 2 2 2 2 2 2 2 2 2 2 2 0 0 0 0 0 0 0 1 1 1 1 1 2 2 2 2 2 2 2 2 2 2 2 0 0 0 0 0 0 0 1 1 1 1 1 2 2 2 2 2 2 2 2 2 2 2 2
logits=0.012074627 -10.9765816 -11.9391079 -6.54705238 -12.5218611 -6.03148937 -9.46348858 -3.2780354 -3.99444294 -5.78294373 -0.880311787 -8.69163227 6.12384701 -7.75656128 -3.85136986 -3.66735268 -7.0212841 -3.61959696 -11.9784336 -1.74839032 -5.27008581 -4.37998199 -1.71156132 -4.82034779 -0.707041681 -8.83505154 -7.54903555 -4.8678875 -11.7925205 -7.64000225 -12.3668232 -7.66294146 -11.9570951 -12.5607204 -8.91418934 -11.2601919 -6.02605057
probs=0.00220478699 3.72437619e-08 1.42244181e-08 3.12445309e-06 7.94232324e-09 5.23214976e-06 1.69114898e-07 8.21277936e-05 4.01197503e-05 6.70845066e-06 0.000903250359 3.65927349e-07 0.994662464 9.32161072e-07 4.62907337e-05 5.56431478e-05 1.94454424e-06 5.83648762e-05 1.3675888e-08 0.000379146048 1.12035004e-05 2.72847974e-05 0.000393369963 1.75659789e-05 0.00107413391 3.1703604e-07 1.14714544e-06 1.67504331e-05 1.64701106e-08 1.04739843e-06 9.27427823e-09 1.02364493e-06 1.39708343e-08 7.63961783e-09 2.92913597e-07 2.80468146e-08 5.2606847e-06
case 9
role=1
style=3
bars=1
len=150
tok=12 9 22 2 22 7 17 9 22 3 7 0 2 2 15 17 17 12 22 11 12 22 15 7 0 12 22 5 5 11 5 15 5 19 0 19 12 15 24 9 11 19 3 2 9 3 17 11 12 2 7 17 5 11 17 2 19 2 9 12 11 15 13 11 17 19 0 0 19 5 15 24 2 11 2 13 17 15 13 12 17 9 13 17 3 19 11 22 9 22 15 17 7 0 15 13 3 2 19 7 13 12 17 5 19 7 9 22 19 9 19 2 19 11 2 0 2 12 3 5 7 22 17 17 9 11 12 9 0 12 2 2 2 13 15 15 24 17 15 9 24 12 13 9 0 11 5 0 17 15
step=0 2 4 6 8 11 13 15 1 3 6 8 10 12 14 1 3 5 7 9 12 14 0 2 4 7 9 11 13 15 2 4 6 8 10 13 15 1 3 5 8 10 12 14 0 3 5 7 9 11 14 0 2 4 6 9 11 13 15 1 4 6 8 10 12 15 1 3 5 7 10 12 14 0 2 5 7 9 11 13 0 2 4 6 8 11 13 15 1 3 6 8 10 12 14 1 3 5 7 9 12 14 0 2 4 7 9 11 13 15 2 4 6 8 10 13 15 1 3 5 8 10 12 14 0 3 5 7 9 11 14 0 2 4 6 9 11 13 15 1 4 6 8 10 12 15 1 3 5 7
bar=0 0 0 0 0 0 0 0 1 1 1 1 1 1 1 0 0 0 0 0 0 0 1 1 1 1 1 1 1 1 0 0 0 0 0 0 0 1 1 1 1 1 1 1 0 0 0 0 0 0 0 1 1 1 1 1 1 1 1 0 0 0 0 0 0 0 1 1 1 1 1 1 1 0 0 0 0 0 0 0 1 1 1 1 1 1 1 1 0 0 0 0 0 0 0 1 1 1 1 1 1 1 0 0 0 0 0 0 0 0 1 1 1 1 1 1 1 0 0 0 0 0 0 0 1 1 1 1 1 1 1 0 0 0 0 0 0 0 0 1 1 1 1 1 1 1 0 0 0 0
gap=9 0 1 2 3 4 5 6 7 8 9 0 1 2 3 4 5 6 7 8 9 0 1 2 3 4 5 6 7 8 9 0 1 2 3 4 5 6 7 8 9 0 1 2 3 4 5 6 7 8 9 0 1 2 3 4 5 6 7 8 9 0 1 2 3 4 5 6 7 8 9 0 1 2 3 4 5 6 7 8 9 0 1 2 3 4 5 6 7 8 9 0 1 2 3 4 5 6 7 8 9 0 1 2 3 4 5 6 7 8 9 0 1 2 3 4 5 6 7 8 9 0 1 2 3 4 5 6 7 8 9 0 1 2 3 4 5 6 7 8 9 0 1 2 3 4 5 6 7 8
idx=0 1 2 3 4 4 5 5 5 5 6 6 6 6 6 6 7 7 7 7 7 7 7 7 7 7 7 7 7 7 7 7 7 7 7 7 7 7 7 7 7 7 7 7 7 7 7 7 7 7 7 7 7 7 7 7 7 7 7 7 7 7 7 7 7 7 7 7 7 7 7 7 7 7 7 7 7 7 7 7 7 7 7 7 7 7 7 7 7 7 7 7 7 7 7 7 7 7 7 7 7 7 7 7 7 7 7 7 7 7 7 7 7 7 7 7 7 7 7 7 7 7 7 7 7 7 7 7 7 7 7 7 7 7 7 7 7 7 7 7 7 7 7 7 7 7 7 7 7 7
kick=0 2 0 2 0 2 1 2 1 2 2 0 2 0 2 1 2 1 2 1 0 2 0 2 0 2 1 2 1 2 2 0 2 0 2 1 2 1 2 1 0 2 0 2 0 2 1 2 1 2 2 0 2 0 2 1 2 1 2 1 0 2 0 2 0 2 1 2 1 2 2 0 2 0 2 1 2 1 2 1 0 2 0 2 0 2 1 2 1 2 2 0 2 0 2 1 2 1 2 1 0 2 0 2 0 2 1 2 1 2 2 0 2 0 2 1 2 1 2 1 0 2 0 2 0 2 1 2 1 2 2 0 2 0 2 1 2 1 2 1 0 2 0 2 0 2 1 2 1 2
logits=-0.908688784 -1.38869023 -3.65077496 -3.76740432 -5.0841279 -4.5547924 -4.1362462 -5.9078393 -7.86634922 -5.32559872 1.45409441 -3.53421426 -1.24092019 -3.09701014 -2.48951316 1.40497959 -2.79448938 0.258971572 -3.40811777 0.0282544568 -0.458185613 -2.13616681 7.49251223 -1.62285709 2.15791893 -0.24672991 2.50909781 4.85597467 -0.988016367 2.03351617 -7.72534466 -2.68623066 -3.15127063 -5.79376793 -1.65433109 -7.20415735 -3.57358408
probs=0.000205006392 0.000126854356 1.3209743e-05 1.17555564e-05 3.15062925e-06 5.34915262e-06 8.12937469e-06 1.38249629e-06 1.95026558e-07 2.47472894e-06 0.00217726454 1.48428098e-05 0.000147055442 2.29821981e-05 4.21914301e-05 0.00207291241 3.11010226e-05 0.000658985635 1.68375627e-05 0.000523210911 0.000321675849 6.0073151e-05 0.912772834 0.000100370926 0.00440127309 0.000397422613 0.00625306927 0.0653625503 0.000189372033 0.00388643099 2.24559415e-07 3.46569759e-05 2.17684064e-05 1.54954716e-06 9.7261116e-05 3.78164003e-07 1.426981e-05
case 10
role=2
style=4
bars=2
len=200
tok=12 12 5 2 12 12 12 7 12 0 7 5 0 17 7 22 9 12 24 0 12 3 9 3 13 2 13 22 3 24 13 7 5 12 19 2 9 0 2 13 22 5 24 0 7 17 5 24 19 11 5 3 3 9 17 22 15 22 15 17 13 22 12 11 13 13 12 17 0 17 24 11 5 17 2 2 19 13 0 11 11 5 13 13 15 9 0 11 3 3 22 24 22 7 24 12 7 15 5 22 2 15 17 5 22 19 2 5 15 24 11 19 5 9 17 19 7 7 24 12 22 2 7 17 19 5 3 5 11 9 5 9 2 13 7 0 12 12 22 2 5 2 24 2 12 5 15 3 24 12 3 12 9 9 7 11 13 5 2 22 13 24 15 19 13 19 24 0 11 0 12 9 9 13 24 12 5 3 7 17 24 19 2 9 12 24 15 22 24 0 5 12 11 9 24 9 0 3 9 24
step=0 0 0 0 0 0 0 0 0 0 0 0 0 0 3 3 3 3 3 3 3 3 3 3 3 3 3 3 6 6 6 6 6 6 6 6 6 6 6 6 6 6 9 9 9 9 9 9 9 9 9 9 9 9 9 9 12 12 12 12 12 12 12 12 12 12 12 12 12 12 0 0 0 0 0 0 0 0 0 0 0 0 0 3 3 3 3 3 3 3 3 3 3 3 3 3 6 6 6 6 6 6 6 6 6 6 6 6 6 9 9 9 9 9 9 9 9 9 9 9 9 9 12 12 12 12 12 12 12 12 12 12 12 12 12 0 0 0 0 0 0 0 0 0 0 0 0 0 3 3 3 3 3 3 3 3 3 3 3 3 3 6 6 6 6 6 6 6 6 6 6 6 6 6 9 9 9 9 9 9 9 9 9 9 9 9 9 12 12 12 12 12 12 12 12 12 12 12 12 12
bar=0 0 0 0 0 0 0 0 0 0 0 0 0 0 0 0 0 0 0 0 0 0 0 0 0 0 0 0 0 0 0 0 0 0 0 0 0 0 0 0 0 0 0 0 0 0 0 0 0 0 0 0 0 0 0 0 0 0 0 0 0 0 0 0 0 0 0 0 0 0 1 1 1 1 1 1 1 1 1 1 1 1 1 1 1 1 1 1 1 1 1 1 1 1 1 1 1 1 1 1 1 1 1 1 1 1 1 1 1 1 1 1 1 1 1 1 1 1 1 1 1 1 1 1 1 1 1 1 1 1 1 1 1 1 1 2 2 2 2 2 2 2 2 2 2 2 2 2 2 2 2 2 2 2 2 2 2 2 2 2 2 2 2 2 2 2 2 2 2 2 2 2 2 2 2 2 2 2 2 2 2 2 2 2 2 2 2 2 2 2 2 2 2 2 2 2 2 2 2 2
gap=0 1 2 3 4 5 6 7 8 9 0 1 2 3 4 5 6 7 8 9 0 1 2 3 4 5 6 7 8 9 0 1 2 3 4 5 6 7 8 9 0 1 2 3 4 5 6 7 8 9 0 1 2 3 4 5 6 7 8 9 0 1 2 3 4 5 6 7 8 9 0 1 2 3 4 5 6 7 8 9 0 1 2 3 4 5 6 7 8 9 0 1 2 3 4 5 6 7 8 9 0 1 2 3 4 5 6 7 8 9 0 1 2 3 4 5 6 7 8 9 0 1 2 3 4 5 6 7 8 9 0 1 2 3 4 5 6 7 8 9 0 1 2 3 4 5 6 7 8 9 0 1 2 3 4 5 6 7 8 9 0 1 2 3 4 5 6 7 8 9 0 1 2 3 4 5 6 7 8 9 0 1 2 3 4 5 6 7 8 9 0 1 2 3 4 5 6 7 8 9
idx=0 1 2 3 4 4 5 5 5 5 6 6 6 6 6 6 7 7 7 7 7 7 7 7 7 7 7 7 7 7 7 7 7 7 7 7 7 7 7 7 7 7 7 7 7 7 7 7 7 7 7 7 7 7 7 7 7 7 7 7 7 7 7 7 7 7 7 7 7 7 7 7 7 7 7 7 7 7 7 7 7 7 7 7 7 7 7 7 7 7 7 7 7 7 7 7 7 7 7 7 7 7 7 7 7 7 7 7 7 7 7 7 7 7 7 7 7 7 7 7 7 7 7 7 7 7 7 7 7 7 7 7 7 7 7 7 7 7 7 7 7 7 7 7 7 7 7 7 7 7 7 7 7 7 7 7 7 7 7 7 7 7 7 7 7 7 7 7 7 7 7 7 7 7 7 7 7 7 7 7 7 7 7 7 7 7 7 7 7 7 7 7 7 7 7 7 7 7 7 7
kick=0 1 2 0 1 2 0 1 2 0 1 2 0 1 2 0 1 2 0 1 2 0 1 2 0 1 2 0 1 2 0 1 2 0 1 2 0 1 2 0 1 2 0 1 2 0 1 2 0 1 2 0 1 2 0 1 2 0 1 2 0 1 2 0 1 2 0 1 2 0 1 2 0 1 2 0 1 2 0 1 2 0 1 2 0 1 2 0 1 2 0 1 2 0 1 2 0 1 2 0 1 2 0 1 2 0 1 2 0 1 2 0 1 2 0 1 2 0 1 2 0 1 2 0 1 2 0 1 2 0 1 2 0 1 2 0 1 2 0 1 2 0 1 2 0 1 2 0 1 2 0 1 2 0 1 2 0 1 2 0 1 2 0 1 2 0 1 2 0 1 2 0 1 2 0 1 2 0 1 2 0 1 2 0 1 2 0 1 2 0 1 2 0 1 2 0 1 2 0 1
logits=3.47091866 -3.82194328 -1.01448894 -0.0463702977 -2.81106305 0.367577583 -0.632636845 1.47384286 -0.705527961 -1.21682334 1.74426949 -2.62270546 2.52503109 0.00260594487 1.88574815 0.408655584 -2.21979928 -2.54566097 -4.58740711 -1.41258121 -4.81687164 -5.39119625 -4.05380106 -2.13238859 0.0392295271 -6.40132952 -4.65104628 -3.11989188 -5.080935 -3.79379416 -4.09754467 -2.55374002 -4.32612228 -5.8177824 -2.78640461 -2.83925295 0.662591398
probs=0.446969688 0.00030410834 0.00503837178 0.0132659664 0.000835695711 0.0200684648 0.00738119148 0.0606679134 0.00686231162 0.00411545159 0.0795067251 0.00100890605 0.173573852 0.0139318565 0.0915898308 0.020910006 0.00150949194 0.00108970946 0.000141446304 0.00338377059 0.000112444039 6.33155651e-05 0.000241175847 0.00164737576 0.0144515513 2.30576679e-05 0.000132725167 0.000613656477 8.63486202e-05 0.000312790362 0.000230853344 0.00108094118 0.000183681812 4.13281923e-05 0.000856558559 0.000812466256 0.0269548576
case 11
role=3
style=5
bars=3
len=256
tok=12 9 13 2 2 24 24 22 2 13 5 11 22 5 19 22 24 11 15 7 13 9 15 9 17 22 15 19 5 11 2 5 12 24 19 3 17 19 13 9 0 17 15 24 13 11 22 2 17 9 12 11 15 3 11 7 13 2 24 19 3 11 0 12 17 22 13 19 0 0 24 17 9 11 24 12 19 24 5 5 9 3 7 11 7 5 12 19 2 9 24 11 7 2 3 2 11 19 13 19 3 7 9 19 12 3 19 22 7 11 2 9 3 2 19 7 17 13 7 19 17 7 19 17 17 5 5 17 15 7 19 19 5 15 0 15 7 0 7 0 0 9 0 19 12 2 17 11 19 13 11 19 3 7 7 3 12 3 19 2 13 0 2 19 19 11 17 5 22 12 17 7 24 11 24 2 7 13 0 13 9 7 0 17 7 0 24 17 19 17 11 12 7 11 9 15 5 13 15 3 15 7 0 12 7 13 17 11 22 19 9 19 22 3 12 17 9 12 15 5 9 2 22 12 17 24 3 3 17 22 19 17 17 2 19 24 7 22 3 22 7 17 11 5 24 2 17 7 22 9 0 13 2 17 12 13
step=0 4 8 12 0 5 9 13 1 5 10 14 2 6 10 15 3 7 11 15 4 8 12 0 4 9 13 1 5 9 14 2 6 10 14 3 7 11 15 3 8 12 0 4 8 13 1 5 9 13 2 6 10 14 2 7 11 15 3 7 12 0 4 8 12 1 5 9 13 1 6 10 14 2 6 11 15 3 7 11 0 4 8 12 0 5 9 13 1 5 10 14 2 6 10 15 3 7 11 15 4 8 12 0 4 9 13 1 5 9 14 2 6 10 14 3 7 11 15 3 8 12 0 4 8 13 1 5 9 13 2 6 10 14 2 7 11 15 3 7 12 0 4 8 12 1 5 9 13 1 6 10 14 2 6 11 15 3 7 11 0 4 8 12 0 5 9 13 1 5 10 14 2 6 10 15 3 7 11 15 4 8 12 0 4 9 13 1 5 9 14 2 6 10 14 3 7 11 15 3 8 12 0 4 8 13 1 5 9 13 2 6 10 14 2 7 11 15 3 7 12 0 4 8 12 1 5 9 13 1 6 10 14 2 6 11 15 3 7 11 0 4 8 12 0 5 9 13 1 5 10 14 2 6 10 15
bar=0 0 0 0 1 1 1 1 2 2 2 2 3 3 3 3 0 0 0 0 1 1 1 2 2 2 2 3 3 3 3 0 0 0 0 1 1 1 1 2 2 2 3 3 3 3 0 0 0 0 1 1 1 1 2 2 2 2 3 3 3 0 0 0 0 1 1 1 1 2 2 2 2 3 3 3 3 0 0 0 1 1 1 1 2 2 2 2 3 3 3 3 0 0 0 0 1 1 1 1 2 2 2 3 3 3 3 0 0 0 0 1 1 1 1 2 2 2 2 3 3 3 0 0 0 0 1 1 1 1 2 2 2 2 3 3 3 3 0 0 0 1 1 1 1 2 2 2 2 3 3 3 3 0 0 0 0 1 1 1 2 2 2 2 3 3 3 3 0 0 0 0 1 1 1 1 2 2 2 2 3 3 3 0 0 0 0 1 1 1 1 2 2 2 2 3 3 3 3 0 0 0 1 1 1 1 2 2 2 2 3 3 3 3 0 0 0 0 1 1 1 2 2 2 2 3 3 3 3 0 0 0 0 1 1 1 1 2 2 2 3 3 3 3 0 0 0 0 1 1 1 1 2 2 2 2
gap=1 2 3 4 5 6 7 8 9 0 1 2 3 4 5 6 7 8 9 0 1 2 3 4 5 6 7 8 9 0 1 2 3 4 5 6 7 8 9 0 1 2 3 4 5 6 7 8 9 0 1 2 3 4 5 6 7 8 9 0 1 2 3 4 5 6 7 8 9 0 1 2 3 4 5 6 7 8 9 0 1 2 3 4 5 6 7 8 9 0 1 2 3 4 5 6 7 8 9 0 1 2 3 4 5 6 7 8 9 0 1 2 3 4 5 6 7 8 9 0 1 2 3 4 5 6 7 8 9 0 1 2 3 4 5 6 7 8 9 0 1 2 3 4 5 6 7 8 9 0 1 2 3 4 5 6 7 8 9 0 1 2 3 4 5 6 7 8 9 0 1 2 3 4 5 6 7 8 9 0 1 2 3 4 5 6 7 8 9 0 1 2 3 4 5 6 7 8 9 0 1 2 3 4 5 6 7 8 9 0 1 2 3 4 5 6 7 8 9 0 1 2 3 4 5 6 7 8 9 0 1 2 3 4 5 6 7 8 9 0 1 2 3 4 5 6 7 8 9 0 1 2 3 4 5 6
idx=0 1 2 3 4 4 5 5 5 5 6 6 6 6 6 6 7 7 7 7 7 7 7 7 7 7 7 7 7 7 7 7 7 7 7 7 7 7 7 7 7 7 7 7 7 7 7 7 7 7 7 7 7 7 7 7 7 7 7 7 7 7 7 7 7 7 7 7 7 7 7 7 7 7 7 7 7 7 7 7 7 7 7 7 7 7 7 7 7 7 7 7 7 7 7 7 7 7 7 7 7 7 7 7 7 7 7 7 7 7 7 7 7 7 7 7 7 7 7 7 7 7 7 7 7 7 7 7 7 7 7 7 7 7 7 7 7 7 7 7 7 7 7 7 7 7 7 7 7 7 7 7 7 7 7 7 7 7 7 7 7 7 7 7 7 7 7 7 7 7 7 7 7 7 7 7 7 7 7 7 7 7 7 7 7 7 7 7 7 7 7 7 7 7 7 7 7 7 7 7 7 7 7 7 7 7 7 7 7 7 7 7 7 7 7 7 7 7 7 7 7 7 7 7 7 7 7 7 7 7 7 7 7 7 7 7 7 7 7 7 7 7 7 7 7 7 7 7 7 7 7 7 7 7 7 7
kick=0 1 2 0 1 2 0 1 2 0 1 2 0 1 2 0 1 2 0 1 2 0 1 2 0 1 2 0 1 2 0 1 2 0 1 2 0 1 2 0 1 2 0 1 2 0 1 2 0 1 2 0 1 2 0 1 2 0 1 2 0 1 2 0 1 2 0 1 2 0 1 2 0 1 2 0 1 2 0 1 2 0 1 2 0 1 2 0 1 2 0 1 2 0 1 2 0 1 2 0 1 2 0 1 2 0 1 2 0 1 2 0 1 2 0 1 2 0 1 2 0 1 2 0 1 2 0 1 2 0 1 2 0 1 2 0 1 2 0 1 2 0 1 2 0 1 2 0 1 2 0 1 2 0 1 2 0 1 2 0 1 2 0 1 2 0 1 2 0 1 2 0 1 2 0 1 2 0 1 2 0 1 2 0 1 2 0 1 2 0 1 2 0 1 2 0 1 2 0 1 2 0 1 2 0 1 2 0 1 2 0 1 2 0 1 2 0 1 2 0 1 2 0 1 2 0 1 2 0 1 2 0 1 2 0 1 2 0 1 2 0 1 2 0 1 2 0 1 2 0 1 2 0 1 2 0
logits=7.1816864 6.15544891 8.69029999 5.62878132 4.1904273 2.64368892 4.46386242 1.97949362 -1.17061388 0.530429542 1.86807048 2.2532897 -3.22966957 2.32748747 3.09003067 2.16913223 3.39253521 0.9287498 3.57028222 3.06797552 -1.08622849 1.69433212 1.96111608 1.69971895 0.122879557 1.06509399 1.24796832 0.371562332 3.32488847 -1.06205034 -0.763118863 1.30368996 0.411318719 1.46160185 2.24887943 1.19592214 -1.05355
probs=0.156362087 0.0560327806 0.706828415 0.033091262 0.00785315409 0.00167226198 0.0103227515 0.000860692118 3.68785113e-05 0.000202081894 0.000769940962 0.00113176415 4.7047547e-06 0.00121893256 0.00261305133 0.00104041561 0.00353609584 0.000300964806 0.00422394648 0.00255605089 4.01256148e-05 0.000647148234 0.000845019007 0.00065064372 0.000134440706 0.000344928558 0.000414143055 0.000172397908 0.00330480072 4.1107618e-05 5.54301951e-05 0.0004378749 0.000179389972 0.000512778992 0.00112678378 0.000393139722 4.14585229e-05
