# phosmdl reference
model=phos_pitch_tf.phosmdl
arch=transformer
tokenVersion=1
vocab=37
relMin=-12
quant=int8
cases=12

case 0
role=0
style=0
bars=0
len=1
tok=12
step=0
bar=0
gap=0
idx=0
logits=0.880681992 -3.06371212 -3.72172999 -1.66561496 -4.18204403 -1.44296837 -5.67857695 -0.264259875 -0.944400489 -4.16569281 -0.81820178 -2.15763712 1.75239253 -0.69487828 -0.231687576 0.64314121 -2.13812685 -0.37072897 -3.95323896 0.408636183 -0.861673892 -2.923599 -0.944468737 -2.7189424 0.102500424 -2.28263068 -1.63197279 -1.45880294 -4.12228346 -3.13219714 -5.39214516 -2.54448223 -3.90768003 -5.70215416 -4.27020502 -5.36729765 -2.99000502
probs=0.128628001 0.00249061664 0.00128983287 0.010080751 0.000813994557 0.0125946766 0.000182257631 0.0409348905 0.0207353923 0.000827414158 0.0235244632 0.00616325764 0.307549208 0.0266120546 0.0422901809 0.101431526 0.00628468534 0.036800582 0.00102327054 0.0802285075 0.0225237142 0.002865216 0.0207339786 0.00351591641 0.0590711795 0.00543909101 0.010425657 0.0123968162 0.000864122529 0.00232575671 0.000242706388 0.00418606075 0.00107096788 0.000178010669 0.000745304686 0.000248812692 0.00268112868
case 1
role=1
style=1
bars=1
len=2
tok=12 2
step=0 2
bar=0 0
gap=1 2
idx=0 1
logits=0.209809035 -3.46057796 -3.84662819 -1.94440913 -4.82645607 -1.7653929 -6.13155365 -0.48554489 -1.24358642 -4.93374109 -0.870407045 -3.05809355 1.77278662 -0.863771856 -0.278205633 0.871825576 -2.26093268 -0.209738746 -4.19784689 0.242496863 -1.00710177 -3.67114043 -0.990988791 -3.6779511 0.0217467826 -2.46775317 -1.8841964 -1.30992305 -3.91079712 -2.72400761 -5.26999283 -2.10076761 -3.52426386 -5.25791645 -3.54862642 -5.26311016 -2.0153029
probs=0.0709699616 0.00180736464 0.00122853147 0.00823207945 0.000461160904 0.00984589942 0.000125041959 0.0354067646 0.0165910143 0.00041424681 0.0240958743 0.00270297844 0.338740528 0.0242562853 0.0435644723 0.137589321 0.00599853508 0.0466516837 0.000864677131 0.0733281523 0.0210173018 0.00146419776 0.0213586986 0.00145425892 0.0588030927 0.00487780198 0.00874298252 0.0155261317 0.00115217397 0.00377514982 0.000295955804 0.00704050669 0.0016958497 0.000299551582 0.00165503356 0.000297999824 0.00766868284
case 2
role=2
style=2
bars=2
len=4
tok=12 19 8 5
step=0 3 6 9
bar=0 0 0 0
gap=2 3 4 5
idx=0 1 2 3
logits=-3.20527434 -5.83857346 -3.93663502 -1.55486619 -3.97354174 5.05189514 -10.3809233 1.84826148 0.0730689988 -0.680523276 -0.111842543 -5.82091999 0.819425106 -4.17400408 -2.89755988 -0.815627396 -3.9568429 1.60674107 -7.4281826 2.38314986 1.80247879 1.17081666 0.923947096 -2.04380679 1.47345054 -4.0518899 -0.209508181 -0.621333301 -5.99623299 -2.0598228 -7.24369144 -2.85895348 -3.63630223 -5.07482815 -5.14596367 -6.36245728 -2.38394809
probs=0.000200676746 1.44168325e-05 9.65764484e-05 0.00104534638 9.30771421e-05 0.773642421 1.53515558e-07 0.0314209871 0.00532431342 0.00250600837 0.00442544976 1.46735993e-05 0.0112305721 7.61698975e-05 0.000272983045 0.0021893112 9.46444707e-05 0.0246790722 2.94111078e-06 0.0536437295 0.0300148837 0.0159591325 0.012467959 0.000641085557 0.0215993952 8.60630826e-05 0.00401367294 0.00265881768 1.23140017e-05 0.000630899682 3.53699875e-06 0.000283728121 0.000130407978 3.09428433e-05 2.88181745e-05 8.53787787e-06 0.000456241221
case 3
role=0
style=3
bars=3
len=7
tok=12 17 25 12 31 22 31
step=0 4 8 12 0 4 8
bar=0 0 0 0 1 1 1
gap=3 4 5 6 7 8 9
idx=0 1 2 3 4 4 5
logits=-1.37636185 -4.60211658 -6.37581205 -2.80947661 -4.51238346 -3.29190063 -6.92216492 -0.846978962 -2.44677043 -7.42313099 -2.52902174 -4.16504049 0.521901906 -2.44802856 -3.24418116 -0.703047395 -3.1288023 -0.723682404 -5.73419476 0.976202786 0.372374684 -6.0241766 0.329904944 -1.79941702 1.17098379 -0.0669193938 -0.474987656 1.64014685 -1.16754007 1.65416253 -4.50151014 3.57520747 1.81750011 -3.29087925 0.706281543 -1.87002468 0.913453102
probs=0.0035291824 0.00014019954 2.37925324e-05 0.000841938541 0.00015336182 0.000519716123 1.37772467e-05 0.00599214481 0.00121004542 8.3482546e-06 0.00111450115 0.000217053399 0.0235548113 0.00120852375 0.000545118237 0.00691975839 0.000611785101 0.00677843159 4.51950946e-05 0.0371005237 0.0202834066 3.38184618e-05 0.0194400102 0.00231176568 0.0450787991 0.0130724767 0.00869232602 0.0720654801 0.00434875023 0.0730826482 0.000155038535 0.499014825 0.0860499963 0.000520247268 0.028324008 0.00215416541 0.0348440148
case 4
role=1
style=4
bars=4
len=12
tok=12 36 25 27 36 27 12 12 8 20 13 27
step=0 1 2 3 4 5 6 8 9 10 11 12
bar=0 0 0 0 0 0 0 0 0 0 0 0
gap=4 5 6 7 8 9 0 1 2 3 4 5
idx=0 1 2 3 4 4 5 5 5 5 6 6
logits=-2.89340329 -3.42742157 -9.62565422 -4.29715347 -6.2782259 -1.8458364 -7.21730757 -1.54290199 3.1861341 -3.60845804 1.38031185 -4.16187334 1.8520273 2.79421496 -2.38376307 0.413734347 -2.83884168 0.674378335 -3.51059484 0.252854377 3.88043499 -7.18775988 -0.811925173 -4.75803232 -0.339870989 -2.23257208 -2.85731983 -1.07619715 -7.25714731 -3.23657894 -5.74709845 -3.24835563 -1.71329117 -6.09633636 -1.18960977 -3.81077743 2.84958935
probs=0.000445440004 0.00026113668 5.30896216e-07 0.000109432964 1.5093131e-05 0.00126981817 5.9012159e-06 0.00171911274 0.194580212 0.000217893758 0.0319771729 0.000125285063 0.051251132 0.131489292 0.00074152014 0.0121635618 0.000470419182 0.015785452 0.000240295849 0.0103559848 0.389609635 6.07817992e-06 0.00357078481 6.90225133e-05 0.00572498143 0.00086255034 0.000461806427 0.00274152192 5.67072993e-06 0.000316045654 2.56711446e-05 0.000312345452 0.00144979067 1.81039322e-05 0.00244758278 0.000177982991 0.138975769
case 5
role=2
style=5
bars=5
len=16
tok=12 22 20 20 25 19 7 24 2 8 24 36 14 25 24 10
step=0 2 4 6 8 10 12 15 1 3 5 7 9 11 14 0
bar=0 0 0 0 0 0 0 0 1 1 1 1 1 1 1 2
gap=5 6 7 8 9 0 1 2 3 4 5 6 7 8 9 0
idx=0 1 2 3 4 4 5 5 5 5 6 6 6 6 6 6
logits=0.155173108 -2.60251856 -2.25551295 1.26144671 -4.81800318 1.21892726 -6.82684374 1.03561676 -0.00335926563 -4.64280558 -0.279536605 -5.99538994 1.00531793 -2.67446661 -1.51971245 0.783933818 -3.57159281 0.572578073 -7.73466492 0.564231813 0.697162211 -2.22344613 0.39201349 -4.32314396 0.0276235938 -2.96948957 -2.1962626 -1.51596761 -5.43323898 -2.32075524 -7.14256668 -3.16075659 -3.77343607 -7.72729683 -5.51799774 -7.88206577 -4.84904099
probs=0.043539755 0.00276207644 0.0039078542 0.131623819 0.000301344349 0.126144558 4.04235725e-05 0.105016567 0.0371566191 0.000359046273 0.0281899273 9.28389636e-05 0.101882406 0.0025703311 0.00815628562 0.0816494524 0.00104802637 0.0660940856 1.63069508e-05 0.0655447468 0.0748632848 0.0040351972 0.0551752672 0.000494285079 0.0383258648 0.00191364915 0.00414639292 0.00818688702 0.000162880591 0.00366103556 2.94793408e-05 0.00158050586 0.000856471306 1.64275461e-05 0.000149643907 1.40720504e-05 0.00029213482
case 6
role=0
style=0
bars=6
len=33
tok=12 0 3 2 17 0 15 24 13 20 36 2 22 27 31 14 5 36 5 2 31 36 10 13 31 24 7 0 27 5 3 15 12
step=0 3 6 9 12 15 2 6 9 12 15 2 5 8 12 15 2 5 8 11 14 2 5 8 11 14 1 4 8 11 14 1 4
bar=0 0 0 0 0 0 1 1 1 1 1 2 2 2 2 2 3 3 3 3 3 4 4 4 4 4 5 5 5 5 5 6 6
gap=6 7 8 9 0 1 2 3 4 5 6 7 8 9 0 1 2 3 4 5 6 7 8 9 0 1 2 3 4 5 6 7 8
idx=0 1 2 3 4 4 5 5 5 5 6 6 6 6 6 6 7 7 7 7 7 7 7 7 7 7 7 7 7 7 7 7 7
logits=1.0568831 -6.76347828 -3.09346151 -0.598797798 -9.0403614 -3.1418047 -8.65236759 -0.580889404 -3.91560268 -7.4892416 -1.67155039 -6.68910313 1.06071317 -4.58750963 -1.87810123 1.35935724 -6.08417034 -1.51610434 -5.34821367 0.888360739 0.0233346205 -3.08846354 3.08138919 -4.07940912 2.19581175 -0.540899336 -0.0363521762 2.08183765 -3.54481435 -1.36010408 -5.71083641 -1.93909085 -3.88767982 -7.60574293 -4.20323896 -7.88865566 -3.04232669
probs=0.0515353344 2.06902241e-05 0.000812144775 0.0098412903 2.12288978e-06 0.000773816719 3.12918337e-06 0.010019118 0.000356929027 1.00131374e-05 0.00336636719 2.2287737e-05 0.0517330915 0.000182295757 0.00273815263 0.0697377473 4.08117194e-05 0.00393251842 8.51936056e-05 0.0435428396 0.0183333009 0.000816213782 0.390244633 0.000302999426 0.160966516 0.0104279052 0.0172710605 0.143627375 0.000517146138 0.0045964336 5.92818542e-05 0.00257614371 0.00036703606 8.9119867e-06 0.000267709169 6.7159408e-06 0.00085475354
case 7
role=1
style=1
bars=7
len=64
tok=12 5 8 24 8 0 2 17 19 19 17 27 22 20 10 22 19 7 22 24 20 8 13 5 8 36 0 5 27 24 10 13 10 15 36 8 5 5 19 31 7 13 22 2 25 14 19 24 25 22 3 19 13 24 0 25 3 8 2 17 27 22 7 12
step=0 4 8 12 0 4 8 13 1 5 9 13 1 5 10 14 2 6 10 14 2 7 11 15 3 7 11 15 4 8 12 0 4 8 12 1 5 9 13 1 5 9 14 2 6 10 14 2 6 11 15 3 7 11 15 3 8 12 0 4 8 12 0 5
bar=0 0 0 0 1 1 1 1 2 2 2 2 3 3 3 3 4 4 4 4 5 5 5 5 6 6 6 6 7 7 7 0 0 0 0 1 1 1 1 2 2 2 2 3 3 3 3 4 4 4 4 5 5 5 5 6 6 6 7 7 7 7 0 0
gap=7 8 9 0 1 2 3 4 5 6 7 8 9 0 1 2 3 4 5 6 7 8 9 0 1 2 3 4 5 6 7 8 9 0 1 2 3 4 5 6 7 8 9 0 1 2 3 4 5 6 7 8 9 0 1 2 3 4 5 6 7 8 9 0
idx=0 1 2 3 4 4 5 5 5 5 6 6 6 6 6 6 7 7 7 7 7 7 7 7 7 7 7 7 7 7 7 7 7 7 7 7 7 7 7 7 7 7 7 7 7 7 7 7 7 7 7 7 7 7 7 7 7 7 7 7 7 7 7 7
logits=-0.131885186 -2.18494177 -5.36573458 -2.5797472 -5.05392075 -3.33624053 -0.8334198 -2.57743979 0.464098483 -2.782969 0.33853063 -2.86530161 1.15475869 2.07605243 -1.7919234 2.20990396 -2.83551598 -1.16527736 -1.26259053 -0.966294706 -0.333586961 -3.7213645 0.325220466 -2.83781195 1.02332163 3.70065141 -1.70910645 0.423163474 -0.645938754 -0.704436183 -0.712946832 -1.24239492 -1.29749405 -6.5715313 -2.85630774 -6.17121363 -4.42506409
probs=0.0116105424 0.00149012019 6.1918523e-05 0.00100406003 8.45745672e-05 0.000471214531 0.00575678563 0.00100637891 0.0210709926 0.000819410256 0.0185845252 0.000754648587 0.0420373082 0.105620362 0.00220753276 0.120747641 0.000777464767 0.00413100887 0.00374794658 0.00504049473 0.00948974583 0.000320598454 0.0183388032 0.000775681343 0.0368597619 0.53616941 0.00239813817 0.0202258658 0.00694387592 0.0065493295 0.00649382779 0.00382440793 0.00361938658 1.85417139e-05 0.000761466566 2.76697629e-05 0.000158616633
case 8
role=2
style=2
bars=0
len=100
tok=12 12 24 0 7 12 5 5 7 5 25 7 20 2 15 3 14 17 7 14 0 5 5 36 22 19 24 36 13 0 24 12 10 20 12 36 10 0 22 31 17 20 7 3 17 7 20 24 5 13 12 19 3 3 15 24 19 36 27 19 2 0 10 36 5 20 5 25 36 27 22 15 25 8 20 17 31 14 0 36 25 7 5 13 25 24 10 13 17 17 3 20 3 0 5 22 8 10 14 15
step=0 0 0 0 0 0 0 0 1 1 1 1 1 1 1 1 2 2 2 2 2 2 2 3 3 3 3 3 3 3 4 4 4 4 4 4 4 5 5 5 5 5 5 5 6 6 6 6 6 6 6 8 8 8 8 8 8 8 9 9 9 9 9 9 9 10 10 10 10 10 10 10 11 11 11 11 11 11 11 12 12 12 12 12 12 12 13 13 13 13 13 13 13 14 14 14 14 14 14 14
bar=0 0 0 0 0 0 0 0 0 0 0 0 0 0 0 0 0 0 0 0 0 0 0 0 0 0 0 0 0 0 0 0 0 0 0 0 0 0 0 0 0 0 0 0 0 0 0 0 0 0 0 0 0 0 0 0 0 0 0 0 0 0 0 0 0 0 0 0 0 0 0 0 0 0 0 0 0 0 0 0 0 0 0 0 0 0 0 0 0 0 0 0 0 0 0 0 0 0 0 0
gap=8 9 0 1 2 3 4 5 6 7 8 9 0 1 2 3 4 5 6 7 8 9 0 1 2 3 4 5 6 7 8 9 0 1 2 3 4 5 6 7 8 9 0 1 2 3 4 5 6 7 8 9 0 1 2 3 4 5 6 7 8 9 0 1 2 3 4 5 6 7 8 9 0 1 2 3 4 5 6 7 8 9 0 1 2 3 4 5 6 7 8 9 0 1 2 3 4 5 6 7
idx=0 1 2 3 4 4 5 5 5 5 6 6 6 6 6 6 7 7 7 7 7 7 7 7 7 7 7 7 7 7 7 7 7 7 7 7 7 7 7 7 7 7 7 7 7 7 7 7 7 7 7 7 7 7 7 7 7 7 7 7 7 7 7 7 7 7 7 7 7 7 7 7 7 7 7 7 7 7 7 7 7 7 7 7 7 7 7 7 7 7 7 7 7 7 7 7 7 7 7 7
logits=1.13720632 -2.93544483 -3.61380768 -1.79780197 -3.60402489 0.333354741 -5.86820745 0.08670564 -2.05427313 -4.83929539 0.0160988178 -5.14172173 2.34400773 -0.281546801 -2.09540939 -0.798699796 -1.84546661 -0.515308976 -5.54830265 -0.207552403 -1.2362386 -4.70369673 -0.890537918 -4.50702763 0.606348932 -0.872365177 -2.5390079 -2.28729153 -1.48427057 -1.36290073 -4.89677382 -1.76849461 -3.3865664 -5.62930679 -3.60349512 -5.43267584 -1.93250334
probs=0.127851501 0.00217758934 0.00110501132 0.006792787 0.0011158745 0.0572265424 0.000115955976 0.0447176695 0.00525610242 0.000324447348 0.0416691788 0.000239774017 0.427378833 0.0309420545 0.00504427543 0.0184481349 0.00647660671 0.0244921837 0.000159671064 0.0333184265 0.0119105475 0.000371564092 0.0168293621 0.00045232047 0.0751895308 0.0171379931 0.00323702651 0.00416356558 0.00929421932 0.0104935663 0.000306324248 0.00699481228 0.00138693559 0.000147247047 0.00111646531 0.000179242968 0.00593673624
case 9
role=0
style=3
bars=1
len=150
tok=12 20 24 17 0 24 5 3 3 25 36 36 36 15 24 27 17 2 19 12 0 36 24 12 3 24 22 22 13 22 0 14 10 2 14 15 24 0 22 8 15 7 27 3 25 7 27 14 12 24 5 15 0 3 25 12 0 14 12 20 10 8 7 17 36 36 25 22 19 25 27 24 0 19 10 3 5 25 2 20 20 12 27 27 31 17 2 19 8 8 13 22 14 36 12 3 31 12 5 12 36 19 12 15 13 14 22 3 13 12 8 12 20 17 12 15 3 27 13 0 22 22 5 10 5 5 24 12 36 8 24 8 24 17 17 14 19 25 10 3 27 31 25 2 20 2 24 17 17 25
step=0 2 4 6 8 10 12 15 1 3 5 7 9 11 14 0 2 4 6 8 10 13 15 1 3 5 7 9 12 14 0 2 4 6 8 11 13 15 1 3 5 7 10 12 14 0 2 4 6 9 11 13 15 1 3 5 8 10 12 14 0 2 4 7 9 11 13 15 1 3 6 8 10 12 14 0 2 5 7 9 11 13 15 1 4 6 8 10 12 14 0 3 5 7 9 11 13 15 2 4 6 8 10 12 14 1 3 5 7 9 11 13 0 2 4 6 8 10 12 15 1 3 5 7 9 11 14 0 2 4 6 8 10 13 15 1 3 5 7 9 12 14 0 2 4 6 8 11 13 15
bar=0 0 0 0 0 0 0 0 1 1 1 1 1 1 1 0 0 0 0 0 0 0 0 1 1 1 1 1 1 1 0 0 0 0 0 0 0 0 1 1 1 1 1 1 1 0 0 0 0 0 0 0 0 1 1 1 1 1 1 1 0 0 0 0 0 0 0 0 1 1 1 1 1 1 1 0 0 0 0 0 0 0 0 1 1 1 1 1 1 1 0 0 0 0 0 0 0 0 1 1 1 1 1 1 1 0 0 0 0 0 0 0 1 1 1 1 1 1 1 1 0 0 0 0 0 0 0 1 1 1 1 1 1 1 1 0 0 0 0 0 0 0 1 1 1 1 1 1 1 1
gap=9 0 1 2 3 4 5 6 7 8 9 0 1 2 3 4 5 6 7 8 9 0 1 2 3 4 5 6 7 8 9 0 1 2 3 4 5 6 7 8 9 0 1 2 3 4 5 6 7 8 9 0 1 2 3 4 5 6 7 8 9 0 1 2 3 4 5 6 7 8 9 0 1 2 3 4 5 6 7 8 9 0 1 2 3 4 5 6 7 8 9 0 1 2 3 4 5 6 7 8 9 0 1 2 3 4 5 6 7 8 9 0 1 2 3 4 5 6 7 8 9 0 1 2 3 4 5 6 7 8 9 0 1 2 3 4 5 6 7 8 9 0 1 2 3 4 5 6 7 8
idx=0 1 2 3 4 4 5 5 5 5 6 6 6 6 6 6 7 7 7 7 7 7 7 7 7 7 7 7 7 7 7 7 7 7 7 7 7 7 7 7 7 7 7 7 7 7 7 7 7 7 7 7 7 7 7 7 7 7 7 7 7 7 7 7 7 7 7 7 7 7 7 7 7 7 7 7 7 7 7 7 7 7 7 7 7 7 7 7 7 7 7 7 7 7 7 7 7 7 7 7 7 7 7 7 7 7 7 7 7 7 7 7 7 7 7 7 7 7 7 7 7 7 7 7 7 7 7 7 7 7 7 7 7 7 7 7 7 7 7 7 7 7 7 7 7 7 7 7 7 7
logits=-1.92575741 -3.50356388 -4.17679739 0.0852123797 -4.8232069 1.59401798 -9.54191971 -0.584189177 -3.60074949 -8.9756546 -2.10201311 -7.90289593 1.09905005 -1.3259697 -5.01492929 -0.268765271 -3.10446572 0.773591578 -5.99382973 0.958791018 1.69306588 -5.23578072 0.931116402 -3.73715925 2.02690029 0.64762181 -2.04621863 -0.279585063 -2.08079696 0.296455979 -6.87406778 0.693556428 0.261320025 -6.16493893 -2.09486818 -5.11434889 0.143407002
probs=0.00362367649 0.000748026068 0.000381535705 0.0270708855 0.000199895512 0.122396335 1.78439961e-06 0.0138606979 0.00067874958 3.14353224e-06 0.00303810323 9.18990645e-06 0.0746116415 0.00660136715 0.00016502096 0.0190008041 0.00111491815 0.0538842417 6.20023347e-05 0.064847447 0.135140136 0.000132319692 0.06307742 0.000592198805 0.1886978 0.0475065932 0.00321242982 0.0187963247 0.00310324808 0.0334383175 2.5711377e-05 0.0497396812 0.0322838277 5.22512019e-05 0.00305988779 0.00014940383 0.028693011
case 10
role=1
style=4
bars=2
len=200
tok=12 22 10 8 14 3 15 22 31 0 10 24 19 17 15 0 8 17 15 25 5 5 5 25 10 20 10 19 31 14 25 17 31 17 31 10 20 3 10 24 7 27 17 2 36 27 20 5 15 24 19 36 8 20 14 25 5 8 20 0 22 27 2 2 15 19 24 10 10 15 7 13 19 13 12 24 3 15 19 13 5 7 3 19 27 8 13 17 24 7 13 19 5 17 8 3 14 27 13 13 10 12 31 13 12 36 0 31 14 2 13 0 2 15 0 22 5 20 27 19 7 14 13 7 24 7 3 27 2 3 20 12 22 14 19 5 14 25 2 27 17 13 0 14 2 19 22 14 19 15 31 12 25 31 8 31 14 0 22 14 25 19 15 7 24 17 22 36 10 17 5 24 7 7 5 14 8 14 20 12 5 14 17 2 27 5 22 25 19 25 17 22 12 17 36 7 8 17 25 17
step=0 0 0 0 0 1 1 1 1 2 2 2 2 2 3 3 3 3 4 4 4 4 5 5 5 5 6 6 6 6 6 7 7 7 8 8 8 8 8 9 9 9 9 10 10 10 10 11 11 11 11 12 12 12 12 12 13 13 13 14 14 14 14 14 15 15 15 15 0 0 0 0 1 1 1 2 2 2 2 2 2 3 3 3 4 4 4 4 5 5 5 5 6 6 6 6 6 7 7 7 8 8 8 8 8 9 9 9 9 10 10 10 10 11 11 11 11 12 12 12 12 12 13 13 13 14 14 14 14 14 15 15 15 15 0 0 0 0 1 1 1 1 2 2 2 2 2 3 3 3 4 4 4 4 4 5 5 5 5 6 6 6 6 7 7 7 8 8 8 8 8 8 9 9 9 10 10 10 10 11 11 11 11 12 12 12 12 12 13 13 13 14 14 14 14 14 15 15 15 15
bar=0 0 0 0 0 0 0 0 0 0 0 0 0 0 0 0 0 0 0 0 0 0 0 0 0 0 0 0 0 0 0 0 0 0 0 0 0 0 0 0 0 0 0 0 0 0 0 0 0 0 0 0 0 0 0 0 0 0 0 0 0 0 0 0 0 0 0 0 1 1 1 1 1 1 1 1 1 1 1 1 1 1 1 1 1 1 1 1 1 1 1 1 1 1 1 1 1 1 1 1 1 1 1 1 1 1 1 1 1 1 1 1 1 1 1 1 1 1 1 1 1 1 1 1 1 1 1 1 1 1 1 1 1 1 2 2 2 2 2 2 2 2 2 2 2 2 2 2 2 2 2 2 2 2 2 2 2 2 2 2 2 2 2 2 2 2 2 2 2 2 2 2 2 2 2 2 2 2 2 2 2 2 2 2 2 2 2 2 2 2 2 2 2 2 2 2 2 2 2 2
gap=0 1 2 3 4 5 6 7 8 9 0 1 2 3 4 5 6 7 8 9 0 1 2 3 4 5 6 7 8 9 0 1 2 3 4 5 6 7 8 9 0 1 2 3 4 5 6 7 8 9 0 1 2 3 4 5 6 7 8 9 0 1 2 3 4 5 6 7 8 9 0 1 2 3 4 5 6 7 8 9 0 1 2 3 4 5 6 7 8 9 0 1 2 3 4 5 6 7 8 9 0 1 2 3 4 5 6 7 8 9 0 1 2 3 4 5 6 7 8 9 0 1 2 3 4 5 6 7 8 9 0 1 2 3 4 5 6 7 8 9 0 1 2 3 4 5 6 7 8 9 0 1 2 3 4 5 6 7 8 9 0 1 2 3 4 5 6 7 8 9 0 1 2 3 4 5 6 7 8 9 0 1 2 3 4 5 6 7 8 9 0 1 2 3 4 5 6 7 8 9
idx=0 1 2 3 4 4 5 5 5 5 6 6 6 6 6 6 7 7 7 7 7 7 7 7 7 7 7 7 7 7 7 7 7 7 7 7 7 7 7 7 7 7 7 7 7 7 7 7 7 7 7 7 7 7 7 7 7 7 7 7 7 7 7 7 7 7 7 7 7 7 7 7 7 7 7 7 7 7 7 7 7 7 7 7 7 7 7 7 7 7 7 7 7 7 7 7 7 7 7 7 7 7 7 7 7 7 7 7 7 7 7 7 7 7 7 7 7 7 7 7 7 7 7 7 7 7 7 7 7 7 7 7 7 7 7 7 7 7 7 7 7 7 7 7 7 7 7 7 7 7 7 7 7 7 7 7 7 7 7 7 7 7 7 7 7 7 7 7 7 7 7 7 7 7 7 7 7 7 7 7 7 7 7 7 7 7 7 7 7 7 7 7 7 7 7 7 7 7 7 7
logits=-5.24527836 -9.61697483 -3.95160937 -3.09245205 -4.5408268 0.247742191 -9.94251823 1.21408057 -3.18546653 0.327697754 -0.258137375 -4.28631639 1.46186543 -3.32338572 0.417047113 0.0277702678 0.80801028 3.67821383 -3.45407605 4.40780497 -0.010572277 3.14772582 0.106659971 -1.98259032 0.159114435 -5.3861618 -1.8766892 -2.7886889 -3.64488244 -3.09682775 -6.82892132 -2.52299762 -5.67282867 -3.49913263 -5.05997038 -6.04289579 -2.38781667
probs=3.19573082e-05 4.03614308e-07 0.000116520889 0.000275125611 6.46412955e-05 0.00776531221 2.91464232e-07 0.0204095934 0.000250689103 0.00841168966 0.0046822899 8.33762388e-05 0.0261484496 0.000218392524 0.00919786654 0.00623198226 0.0135981655 0.239879876 0.000191637097 0.497566611 0.00599755533 0.141125619 0.00674353587 0.00083471433 0.00710670557 2.7757842e-05 0.000927961548 0.000372780807 0.00015834831 0.000273924292 6.55847361e-06 0.000486230332 2.08395286e-05 0.000183194265 3.84634877e-05 1.4393604e-05 0.000556608895
case 11
role=2
style=5
bars=3
len=256
tok=12 27 0 14 3 36 22 25 15 10 5 12 31 31 14 12 27 13 36 36 10 12 27 31 14 0 17 36 5 31 2 31 22 2 13 20 17 10 2 2 22 19 7 3 27 8 15 7 36 14 14 20 31 27 3 17 15 19 12 15 7 0 19 27 22 25 36 5 31 15 12 36 36 36 13 12 24 24 15 17 36 10 27 25 12 17 0 25 25 14 24 22 24 31 24 25 15 7 15 24 20 7 0 5 36 31 24 24 0 2 14 31 14 8 12 8 0 3 27 25 22 10 22 19 8 10 7 24 12 15 7 8 19 31 15 14 20 36 17 0 17 20 27 5 19 25 12 22 27 10 13 31 25 8 13 19 31 36 0 8 31 27 2 27 31 0 17 25 15 25 2 10 27 12 10 27 8 3 0 0 19 24 2 7 7 24 24 22 12 2 5 25 24 31 17 20 13 12 5 8 17 3 13 7 7 17 15 14 12 25 0 14 31 13 10 24 31 22 19 25 22 36 36 5 3 17 15 3 17 3 10 5 25 13 36 2 36 31 24 36 31 2 12 10 3 10 15 24 27 14 27 22 36 24 12 14
step=0 4 8 12 0 4 8 13 1 5 9 13 1 5 10 14 2 6 10 14 2 7 11 15 3 7 11 15 4 8 12 0 4 8 12 1 5 9 13 1 5 9 14 2 6 10 14 2 6 11 15 3 7 11 15 3 8 12 0 4 8 12 0 5 9 13 1 5 9 13 2 6 10 14 2 6 10 15 3 7 11 15 3 7 12 0 4 8 12 0 4 9 13 1 5 9 13 1 6 10 14 2 6 10 14 3 7 11 15 3 7 11 0 4 8 12 0 4 8 13 1 5 9 13 1 5 10 14 2 6 10 14 2 7 11 15 3 7 11 15 4 8 12 0 4 8 12 1 5 9 13 1 5 9 14 2 6 10 14 2 6 11 15 3 7 11 15 3 8 12 0 4 8 12 0 5 9 13 1 5 9 13 2 6 10 14 2 6 10 15 3 7 11 15 3 7 12 0 4 8 12 0 4 9 13 1 5 9 13 1 6 10 14 2 6 10 14 3 7 11 15 3 7 11 0 4 8 12 0 4 8 13 1 5 9 13 1 5 10 14 2 6 10 14 2 7 11 15 3 7 11 15 4 8 12 0
bar=0 0 0 0 1 1 1 1 2 2 2 2 3 3 3 3 0 0 0 0 1 1 1 1 2 2 2 2 3 3 3 0 0 0 0 1 1 1 1 2 2 2 2 3 3 3 3 0 0 0 0 1 1 1 1 2 2 2 3 3 3 3 0 0 0 0 1 1 1 1 2 2 2 2 3 3 3 3 0 0 0 0 1 1 1 2 2 2 2 3 3 3 3 0 0 0 0 1 1 1 1 2 2 2 2 3 3 3 3 0 0 0 1 1 1 1 2 2 2 2 3 3 3 3 0 0 0 0 1 1 1 1 2 2 2 2 3 3 3 3 0 0 0 1 1 1 1 2 2 2 2 3 3 3 3 0 0 0 0 1 1 1 1 2 2 2 2 3 3 3 0 0 0 0 1 1 1 1 2 2 2 2 3 3 3 3 0 0 0 0 1 1 1 1 2 2 2 3 3 3 3 0 0 0 0 1 1 1 1 2 2 2 2 3 3 3 3 0 0 0 0 1 1 1 2 2 2 2 3 3 3 3 0 0 0 0 1 1 1 1 2 2 2 2 3 3 3 3 0 0 0 0 1 1 1 2
gap=1 2 3 4 5 6 7 8 9 0 1 2 3 4 5 6 7 8 9 0 1 2 3 4 5 6 7 8 9 0 1 2 3 4 5 6 7 8 9 0 1 2 3 4 5 6 7 8 9 0 1 2 3 4 5 6 7 8 9 0 1 2 3 4 5 6 7 8 9 0 1 2 3 4 5 6 7 8 9 0 1 2 3 4 5 6 7 8 9 0 1 2 3 4 5 6 7 8 9 0 1 2 3 4 5 6 7 8 9 0 1 2 3 4 5 6 7 8 9 0 1 2 3 4 5 6 7 8 9 0 1 2 3 4 5 6 7 8 9 0 1 2 3 4 5 6 7 8 9 0 1 2 3 4 5 6 7 8 9 0 1 2 3 4 5 6 7 8 9 0 1 2 3 4 5 6 7 8 9 0 1 2 3 4 5 6 7 8 9 0 1 2 3 4 5 6 7 8 9 0 1 2 3 4 5 6 7 8 9 0 1 2 3 4 5 6 7 8 9 0 1 2 3 4 5 6 7 8 9 0 1 2 3 4 5 6 7 8 9 0 1 2 3 4 5 6 7 8 9 0 1 2 3 4 5 6
idx=0 1 2 3 4 4 5 5 5 5 6 6 6 6 6 6 7 7 7 7 7 7 7 7 7 7 7 7 7 7 7 7 7 7 7 7 7 7 7 7 7 7 7 7 7 7 7 7 7 7 7 7 7 7 7 7 7 7 7 7 7 7 7 7 7 7 7 7 7 7 7 7 7 7 7 7 7 7 7 7 7 7 7 7 7 7 7 7 7 7 7 7 7 7 7 7 7 7 7 7 7 7 7 7 7 7 7 7 7 7 7 7 7 7 7 7 7 7 7 7 7 7 7 7 7 7 7 7 7 7 7 7 7 7 7 7 7 7 7 7 7 7 7 7 7 7 7 7 7 7 7 7 7 7 7 7 7 7 7 7 7 7 7 7 7 7 7 7 7 7 7 7 7 7 7 7 7 7 7 7 7 7 7 7 7 7 7 7 7 7 7 7 7 7 7 7 7 7 7 7 7 7 7 7 7 7 7 7 7 7 7 7 7 7 7 7 7 7 7 7 7 7 7 7 7 7 7 7 7 7 7 7 7 7 7 7 7 7 7 7 7 7 7 7 7 7 7 7 7 7 7 7 7 7 7 7
logits=3.16139245 -5.12462711 -2.82834959 0.502723396 -5.4059248 -0.156573325 -8.8961544 2.25284958 -1.09062481 -5.04376316 -1.37621176 -5.57933712 1.57315159 -3.07407355 -2.77217245 -0.0707262456 -3.57127666 -0.860596478 -6.92496824 1.13547802 -0.509018123 -3.66586018 0.243335158 -2.90644407 1.04686177 -3.40816641 -1.93750823 -1.30756533 -3.65907073 -3.04007268 -8.07284641 -3.09806061 -3.77447152 -6.79712677 -4.7561655 -5.68783951 -2.65088725
probs=0.460997432 0.000116178569 0.00115448015 0.0322889015 8.76920021e-05 0.0167003013 2.67406858e-06 0.185833231 0.00656252541 0.000125963517 0.00493221497 7.373064e-05 0.0941747054 0.000902963162 0.00122119184 0.0181973111 0.000549208897 0.00825982634 1.91976287e-05 0.0607932098 0.0117397662 0.000499643735 0.0249116402 0.00106775225 0.0556377508 0.000646509987 0.00281367567 0.00528268516 0.000503047428 0.000934192678 6.09158997e-06 0.00088156166 0.000448219827 2.18156747e-05 0.000167937163 6.61494123e-05 0.00137866102
